82
75
80
65
75
87
121
110
133
287
199
244
230
213
197
274
227
240
246
264
281
307
150
196
234
219
245
333
299
377
334
227
184
233
287
232
239
193
213
254
236
183
335
216
200
151
114
135
157
144
111
118
93
143
102
84
120
84
97
87
87
84
69
83
62
99
142
249
185
231
254
456
241
500
353
364
199
201
192
176
229
223
209
228
172
143
251
201
81
150
189
238
320
296
263
264
248
328
259
275
205
154
263
266
224
215
135
176
205
176
107
137
119
97
101
107
90
105
95
79
111
80
86
78
75
61
59
68
71
100
190
287
115
157
212
322
178
230
240
204
294
203
226
265
162
260
266
297
338
277
332
266
249
193
202
179
181
183
167
101
118
84
98
130
91
92
101
77
101
121
88
85
99
92
80
97
96
102
80
90
83
67
55
78
80
67
136
211
190
134
165
138
114
155
142
197
93
91
126
98
100
119
109
79
104
90
77
92
98
77
69
78
105
86
90
76
74
79
67
100
76
182
296
171
113
218
298
213
285
235
260
280
233
226
285
289
264
295
301
271
242
259
301
287
300
280
259
295
305
279
271
209
249
308
217
235
200
251
161
183
222
236
185
136
169
176
149
172
92
115
104
130
124
96
109
106
69
108
82
85
69
68
69
83
111
162
180
176
208
185
167
192
232
240
176
211
238
335
212
178
211
219
320
234
285
261
240
202
217
206
233
232
205
231
287
230
225
288
179
225
237
182
172
137
181
137
156
136
143
144
145
158
123
122
84
75
121
86
81
72
81
102
83
79
80
216
134
211
171
140
194
177
191
307
290
272
264
264
226
208
298
241
200
312
230
203
272
232
240
176
178
246
258
282
194
226
218
165
252
293
225
170
132
194
242
205
152
164
218
156
143
143
187
176
116
88
73
112
118
105
74
70
89
69
76
72
141
206
187
169
219
231
256
281
256
166
184
275
248
253
243
299
209
191
189
304
220
235
294
215
225
244
265
238
223
203
177
220
196
315
171
207
227
153
154
218
202
159
207
122
165
108
113
114
92
123
65
78
91
86
101
77
79
68
59
64
71
169
220
202
205
266
264
315
285
244
200
231
217
181
258
223
242
178
178
201
168
222
215
215
256
227
276
206
214
213
238
204
228
185
218
223
141
153
148
166
127
132
169
135
151
144
152
109
122
79
95
87
80
67
103
102
110
75
69
78
95
147
172
165
177
207
194
195
164
209
240
201
174
201
226
226
233
198
216
147
208
236
225
179
149
149
117
127
110
131
106
77
99
83
64
76
71
81
95
97
128
82
89
90
103
101
70
82
71
84
68
133
126
110
114
119
169
137
161
185
108
102
105
102
117
124
78
88
73
98
69
76
77
93
95
167
80
61
120
328
104
77
54
96
100
100
203
135
126
191
221
225
257
173
217
232
276
214
244
291
271
267
222
213
168
276
291
195
269
246
172
233
176
183
333
262
169
229
360
238
194
223
187
195
181
170
162
174
118
99
98
85
138
85
94
87
77
76
98
80
82
87
88
67
84
67
84
78
83
102
92
76
88
87
74
99
146
117
108
80
101
87
81
85
88
116
101
72
80
68
67
59
71
156
397
281
188
207
224
335
339
245
225
200
200
218
296
269
253
210
257
280
303
262
231
204
351
315
311
233
263
259
300
146
185
216
200
183
173
151
130
217
272
165
180
156
201
155
172
109
104
131
134
71
88
108
108
124
95
83
68
69
76
199
155
173
294
175
215
160
150
161
279
166
202
162
173
246
182
215
183
213
235
298
313
236
242
317
249
232
275
259
218
249
216
222
232
329
266
233
291
278
195
192
144
119
117
142
88
96
120
86
114
131
125
83
82
89
89
78
104
70
98
109
119
151
197
264
230
171
215
210
235
333
276
221
222
260
246
280
294
272
258
402
414
229
279
269
300
209
231
174
248
203
219
217
236
279
296
209
249
182
156
214
304
166
213
140
136
125
133
145
127
114
93
76
118
108
112
126
93
82
65
129
71
67
97
72
133
189
181
123
226
196
164
258
321
274
245
230
264
336
282
271
244
219
235
179
186
205
207
226
297
164
233
203
205
121
93
109
105
181
143
155
128
94
74
130
92
76
95
91
115
70
103
71
87
87
97
66
76
92
101
119
78
66
95
94
87
164
225
128
139
157
146
139
122
150
153
111
177
127
75
92
104
83
91
137
90
104
142
99
86
101
72
60
85
83
81
69
134
122
148
207
267
234
275
272
266
252
271
328
308
354
211
270
269
280
310
327
285
288
289
275
349
350
265
280
264
284
225
190
227
217
234
204
298
348
259
193
232
241
199
216
189
288
165
153
251
142
134
158
154
110
98
101
97
90
118
99
98
80
89
89
101
231
155
200
230
202
225
206
192
166
227
233
175
208
232
211
222
194
264
233
231
166
268
266
211
203
202
202
201
207
148
160
230
224
181
186
177
224
171
210
269
244
189
157
151
121
114
109
135
133
89
92
101
93
87
77
76
77
65
71
181
220
181
148
261
137
147
194
177
165
126
137
166
180
279
171
183
177
142
147
198
144
189
102
116
125
190
113
93
131
132
76
73
67
107
171
64
95
72
77
217
123
103
250
237
82
71
94
261
96
137
112
129
82
74
56
74
156
188
137
129
232
181
311
207
219
237
206
192
161
274
224
185
189
237
211
161
254
173
161
217
206
205
252
217
239
182
154
169
180
235
207
214
227
187
232
145
177
171
158
174
133
146
101
88
97
96
85
64
80
96
104
86
65
79
73
140
199
139
129
199
151
151
149
169
154
191
149
172
235
274
173
147
176
219
183
179
231
159
212
238
205
229
149
116
158
116
96
91
112
71
80
122
116
96
67
77
104
81
66
73
62
77
94
103
143
170
190
140
169
179
119
126
94
140
89
76
84
85
83
103
100
79
66
92
83
87
107
90
75
88
111
60
71
98
112
94
81
65
81
198
252
218
110
172
141
184
171
179
176
238
265
192
151
198
242
234
209
249
178
164
224
196
276
233
295
270
187
184
217
208
190
179
239
188
192
224
165
203
202
100
144
174
168
149
135
128
148
163
137
99
112
87
97
109
108
99
82
113
77
67
65
75
101
186
140
133
146
266
389
222
209
195
165
183
247
244
250
213
191
228
214
196
288
245
269
222
240
204
197
215
197
206
292
265
198
158
216
221
181
158
157
125
162
159
148
156
116
172
100
111
144
106
86
128
113
97
125
88
81
72
86
93
65
92
115
156
224
175
158
177
208
172
168
183
101
136
169
237
174
179
167
133
170
164
244
188
302
224
232
235
229
183
203
170
214
164
149
202
202
235
203
121
150
129
156
118
135
180
156
104
173
156
73
90
108
90
95
135
141
77
84
80
65
77
135
190
362
190
228
135
117
151
136
170
225
186
182
179
177
244
246
236
213
228
212
253
161
218
259
219
168
161
202
219
207
246
295
222
152
170
179
254
173
229
124
101
131
101
139
146
138
116
110
86
93
93
90
95
85
113
124
67
119
71
93
93
125
189
179
204
214
189
185
193
193
250
193
203
277
203
216
259
205
207
219
228
223
224
176
201
167
156
206
184
245
195
278
185
220
194
181
206
259
221
155
117
143
139
154
164
120
138
133
65
73
86
68
105
67
82
82
64
119
114
158
257
145
165
178
146
180
199
166
119
201
157
237
220
158
243
218
246
156
141
199
217
226
247
172
204
160
79
96
103
96
67
85
70
81
98
99
90
66
116
69
68
84
71
72
71
84
154
211
84
77
65
82
81
96
102
88
98
90
81
102
82
62
109
88
83
155
117
126
94
64
91
85
86
99
81
99
193
247
304
213
268
308
243
221
153
151
159
177
164
226
298
276
278
248
225
213
305
312
163
230
168
296
216
256
229
142
189
166
175
166
127
136
144
141
157
125
103
189
113
110
90
120
193
86
82
67
98
102
92
93
89
82
85
82
70
163
245
219
304
211
214
190
228
282
239
312
277
199
269
180
243
183
261
248
230
240
217
225
195
232
252
232
157
251
180
234
222
241
321
177
218
261
225
207
198
227
160
265
204
185
111
135
156
153
140
121
93
154
99
114
101
123
97
114
140
82
79
59
50
94
161
249
259
321
228
189
190
278
187
192
134
177
145
239
238
333
203
168
180
154
194
236
199
239
194
295
199
223
305
224
186
164
234
197
177
187
202
202
151
154
161
144
124
139
201
104
153
125
106
114
125
94
91
102
85
101
