261
268
586
758
735
841
793
769
1079
814
831
751
850
550
471
393
326
320
266
313
712
1216
1087
633
722
599
566
870
863
947
705
720
594
395
336
306
299
232
258
617
783
735
811
779
998
917
639
497
351
322
340
295
296
318
230
277
594
454
516
349
361
289
295
285
276
263
627
655
805
849
905
950
914
957
936
827
797
660
689
534
429
382
326
305
233
458
620
649
729
803
816
880
699
740
819
776
635
499
491
467
315
285
284
464
549
630
951
812
814
843
747
752
771
789
583
700
575
534
371
356
251
281
621
795
716
858
833
765
801
784
725
797
677
606
537
420
335
280
277
216
617
813
911
684
782
610
708
842
686
719
621
517
474
485
341
260
340
247
529
650
652
660
762
598
734
462
386
300
247
304
322
290
263
395
443
520
339
354
270
269
363
572
247
451
569
711
800
824
823
783
781
645
826
895
669
581
381
348
279
293
264
265
290
286
380
318
280
334
241
303
941
932
768
785
829
934
865
978
770
661
535
696
587
457
369
327
332
359
702
563
663
647
667
795
917
864
809
779
931
744
416
374
367
310
310
307
549
725
851
820
871
1040
986
860
710
780
788
689
739
428
436
329
370
303
252
489
614
829
858
958
754
655
753
700
326
522
359
293
313
281
282
336
261
477
495
469
448
375
352
329
356
239
291
531
894
859
1074
826
1030
948
1046
875
730
878
766
780
691
592
461
325
339
295
551
710
647
699
743
757
782
697
678
631
624
656
766
434
422
315
269
244
619
592
600
500
687
521
551
465
385
298
370
266
494
569
471
401
236
508
656
778
641
753
682
634
709
731
581
708
697
548
488
312
264
303
279
528
570
524
626
661
623
669
712
458
340
335
270
275
242
415
564
445
337
293
308
276
298
285
323
253
704
489
608
738
716
702
653
909
684
664
672
654
489
451
506
330
355
298
232
494
842
678
690
751
758
831
714
724
766
659
486
535
432
386
353
340
269
348
619
587
505
633
538
627
838
709
631
611
608
470
505
457
315
393
260
353
875
460
608
590
799
749
722
617
714
760
650
540
411
436
317
299
340
315
518
677
660
764
745
731
684
558
707
772
671
615
483
470
286
263
252
545
567
586
526
671
768
568
729
459
324
258
306
278
249
394
334
277
324
297
281
382
318
300
423
902
852
517
729
884
812
751
821
601
567
447
486
370
430
283
309
280
541
812
773
896
760
755
783
713
735
740
797
749
650
664
480
387
409
360
318
287
889
673
681
605
823
590
731
752
821
648
621
559
461
499
387
329
