73
74
71
68
66
64
96
114
107
146
294
165
227
214
192
197
228
212
242
226
221
275
244
272
134
176
219
203
234
250
341
317
309
284
165
184
246
248
211
222
174
201
244
221
128
262
303
175
189
115
113
120
142
139
103
98
107
114
112
83
81
104
84
100
63
85
76
68
74
59
85
122
141
262
189
191
292
401
273
432
335
335
209
154
195
176
145
263
177
200
230
141
119
260
181
77
103
197
211
257
303
238
244
231
254
310
228
261
194
140
210
244
244
190
188
111
179
197
146
95
130
114
83
98
97
90
79
109
78
68
107
69
81
76
69
56
53
57
71
69
147
249
174
100
168
234
284
170
208
225
199
219
243
218
208
211
190
230
250
293
292
264
308
246
233
206
158
209
157
174
160
130
102
102
72
90
118
98
79
84
88
81
105
101
77
91
80
86
75
93
89
76
98
75
82
65
61
56
71
77
57
138
200
173
131
152
123
119
109
158
167
138
83
81
129
84
94
114
108
66
74
98
87
70
99
75
72
62
79
89
87
75
74
83
60
69
63
108
67
208
270
149
107
195
293
199
250
196
253
265
241
206
213
261
276
248
274
280
255
232
251
244
285
248
302
256
204
316
255
262
248
207
211
283
221
223
182
218
209
150
174
193
228
171
121
163
152
153
155
125
83
113
87
156
77
111
85
102
62
105
73
84
64
60
65
68
86
110
140
177
168
193
153
157
174
228
175
205
188
213
238
283
208
163
199
195
279
218
284
253
229
207
197
183
206
204
221
187
216
253
233
190
275
176
209
218
185
163
159
139
161
126
147
140
113
141
120
156
133
107
105
76
70
111
84
75
68
75
88
74
87
67
99
224
110
208
142
134
181
159
171
259
307
234
214
294
208
220
202
277
209
184
297
210
207
217
236
236
156
195
150
252
229
278
173
208
203
144
246
228
277
145
164
122
212
216
179
139
148
211
148
135
130
155
163
140
109
74
56
129
93
99
71
62
82
56
79
66
96
171
188
140
191
202
211
236
266
241
164
142
228
244
271
189
269
263
181
161
183
283
218
190
281
220
191
247
222
200
241
210
180
167
202
190
278
186
182
188
194
137
167
204
155
154
193
114
157
100
103
107
91
117
69
72
71
85
81
91
71
75
64
54
61
59
99
213
217
154
187
257
263
306
256
235
189
204
188
168
228
235
209
199
159
170
188
154
206
197
181
251
211
262
207
208
203
172
254
164
210
168
214
216
111
151
138
159
119
140
103
157
149
118
133
146
104
112
69
99
72
82
65
73
97
86
114
66
64
69
88
104
196
125
170
193
148
214
148
171
212
209
185
173
185
194
227
205
207
147
218
130
226
221
180
168
134
151
104
126
109
123
83
100
64
95
82
52
65
63
83
84
97
84
111
72
91
94
88
84
61
82
66
75
62
125
112
97
117
113
121
142
146
141
173
93
91
102
99
98
121
84
79
68
78
87
67
66
70
89
92
154
78
63
60
240
240
60
60
70
80
95
95
186
125
123
163
218
185
240
202
151
214
233
244
193
232
276
241
260
200
207
172
196
282
213
210
253
229
143
223
156
176
294
286
146
203
276
309
178
154
224
171
185
171
157
145
156
145
89
80
104
79
123
73
98
76
67
70
91
76
82
66
90
76
63
73
66
72
76
78
94
87
73
85
66
86
82
70
182
86
88
82
92
83
71
85
72
93
109
82
67
76
53
64
56
64
153
368
283
169
198
191
268
329
264
228
191
202
168
212
275
267
208
205
229
254
252
292
236
207
220
294
293
298
206
261
252
273
160
160
164
200
186
162
156
142
125
200
254
157
177
142
157
174
167
130
91
92
141
109
68
86
99
102
118
74
94
79
48
67
72
204
142
171
281
164
202
163
117
143
235
178
188
177
134
198
208
167
198
182
184
208
271
290
197
255
276
232
253
217
254
246
206
230
192
197
228
251
274
251
247
276
219
167
187
129
117
114
119
99
81
115
85
106
84
130
114
76
77
74
94
74
89
81
53
99
110
131
141
203
241
209
154
199
195
207
277
314
210
215
213
251
209
255
276
251
231
350
414
260
236
228
305
228
193
194
161
237
188
203
208
211
247
243
272
158
215
174
165
239
251
145
194
142
128
113
116
124
133
114
91
94
71
108
101
107
122
84
79
59
123
62
75
75
68
83
131
189
163
108
201
206
136
212
287
265
246
219
235
255
292
274
246
213
215
224
164
194
175
192
187
217
272
141
218
191
196
121
82
98
88
128
153
141
133
127
87
64
119
88
68
83
93
85
89
77
96
66
71
84
89
64
72
86
91
116
69
73
60
94
93
104
168
193
115
132
148
135
126
120
145
123
118
114
184
91
67
96
85
79
85
131
83
89
102
128
98
73
92
57
61
72
80
76
64
113
123
113
172
243
228
250
268
222
233
245
252
311
287
252
291
210
294
232
264
310
299
256
276
241
262
331
346
208
272
263
275
194
212
180
214
195
234
175
282
316
254
202
142
256
206
177
220
202
244
139
151
231
132
126
152
138
112
104
91
70
98
86
116
84
93
70
93
78
89
159
199
154
224
198
164
236
187
156
156
216
210
175
173
211
213
196
180
187
282
202
211
150
244
248
203
180
197
178
177
243
141
151
153
220
192
166
170
170
206
169
188
236
226
173
196
118
149
116
99
102
122
130
92
87
71
107
75
81
68
72
65
62
68
171
179
183
143
212
176
130
136
199
154
157
109
132
152
169
258
159
179
170
147
118
178
141
161
144
98
113
118
179
118
81
93
141
90
67
63
73
105
156
59
93
66
72
134
195
95
146
234
175
68
67
87
263
82
118
118
107
102
56
65
60
77
158
192
106
143
214
159
301
171
209
223
188
208
157
176
260
183
175
172
231
199
158
208
191
152
172
208
163
218
240
180
216
179
144
153
173
207
210
184
174
225
190
201
126
155
170
138
163
123
133
107
95
69
88
84
79
60
88
85
92
83
54
76
75
92
193
131
112
136
197
127
173
123
155
137
173
155
149
175
265
221
144
143
165
197
169
162
216
135
185
251
199
215
146
125
125
122
108
88
89
105
68
71
88
139
75
83
57
89
89
72
65
68
55
72
83
93
136
134
151
182
134
158
162
105
103
96
131
81
66
93
69
82
76
95
88
75
60
87
76
83
94
93
68
79
100
68
67
66
86
131
78
59
63
77
179
238
215
112
137
148
151
179
138
166
189
221
242
169
144
185
226
216
189
230
201
126
171
202
192
263
221
281
240
207
145
200
212
168
180
184
203
173
179
209
144
192
177
116
110
152
194
128
131
123
138
128
146
129
89
98
88
92
100
99
99
79
94
90
67
61
65
65
79
196
116
132
114
190
274
359
193
181
180
160
165
230
222
221
210
171
209
222
169
249
211
270
226
204
221
195
184
177
195
197
252
245
223
164
157
213
186
174
145
144
119
149
148
129
139
145
113
152
87
115
134
87
84
120
95
87
118
99
75
69
81
76
81
61
88
103
140
208
163
146
172
151
195
137
197
136
98
132
158
231
166
169
146
127
149
143
183
211
196
261
222
216
220
210
182
183
147
213
159
155
150
165
204
225
183
105
146
122
144
116
121
124
157
135
95
176
139
66
88
105
83
85
113
129
90
89
76
59
58
98
110
187
348
167
215
139
123
126
139
138
173
206
158
180
160
161
219
237
229
185
194
225
208
177
189
214
281
144
161
153
175
205
176
229
312
193
157
142
170
192
209
165
225
115
94
100
124
90
140
139
118
112
88
100
74
87
86
93
78
77
110
99
75
94
86
89
85
135
159
174
188
199
186
167
189
173
171
232
182
211
239
198
197
235
193
188
178
251
206
171
221
156
178
158
130
207
171
235
167
264
188
193
186
171
179
211
229
194
139
104
132
138
122
166
110
125
130
94
61
64
85
70
94
60
73
79
66
82
103
123
219
202
151
113
185
129
168
189
166
107
176
145
214
164
217
150
248
193
220
139
130
189
190
226
195
190
170
194
107
59
110
84
90
64
78
67
74
97
69
100
65
97
79
70
61
79
67
64
65
82
117
220
102
56
74
65
72
76
99
84
88
90
86
76
88
86
52
98
76
85
78
143
118
123
83
60
82
73
87
84
86
78
125
173
275
263
201
247
292
222
225
129
166
116
165
186
141
259
245
272
254
226
212
167
329
256
192
192
184
185
261
208
234
213
126
169
151
174
154
145
104
130
141
125
138
109
119
167
101
103
79
119
166
107
66
68
92
82
89
81
89
84
77
78
64
74
118
204
211
231
278
188
172
215
201
261
228
268
292
174
256
196
183
195
217
241
211
214
219
195
215
193
203
207
249
166
160
229
179
214
208
234
294
168
198
219
238
199
195
192
181
148
264
163
169
106
129
135
147
143
106
95
103
125
104
116
97
105
82
111
133
78
74
61
49
64
102
197
230
277
277
195
179
181
257
175
176
143
151
153
132
250
274
279
166
153
169
140
186
183
197
241
163
257
223
184
231
278
206
161
154
207
205
174
150
175
186
176
156
127
155
136
106
127
194
94
143
116
103
101
126
78
83
96
104
72
99
