35
47
42
33
44
36
34
31
38
37
34
53
51
70
44
66
65
68
125
162
119
80
101
143
135
95
101
112
91
106
124
150
98
129
126
114
130
116
135
129
174
107
137
170
85
65
87
109
104
130
123
96
133
112
123
210
182
117
211
166
170
164
137
90
88
96
98
135
155
132
140
92
117
122
79
114
85
128
124
130
115
121
36
147
126
209
122
94
87
113
89
62
54
60
63
72
105
52
63
81
50
61
59
59
49
44
84
59
60
42
43
41
52
68
40
44
45
52
48
39
44
43
37
47
33
36
40
43
27
35
38
61
81
61
79
170
105
80
119
112
99
155
162
294
126
115
340
160
189
164
180
184
99
100
74
127
90
102
87
89
63
166
120
103
111
98
96
132
90
82
75
68
66
185
142
59
40
41
31
119
89
100
124
114
154
166
163
133
123
140
127
137
100
148
129
199
132
127
143
132
125
80
84
70
124
139
116
150
121
103
99
116
83
52
68
108
82
123
98
78
62
45
58
79
69
50
52
45
65
36
62
45
44
46
42
63
48
47
45
34
42
69
38
42
36
50
33
45
32
43
30
31
32
27
30
38
26
45
40
60
80
110
156
131
55
60
50
107
85
127
180
142
92
86
88
142
120
120
98
106
126
168
89
114
122
104
133
132
90
72
147
113
138
128
138
159
173
165
124
153
182
150
118
148
143
106
89
104
96
106
103
76
102
79
107
76
92
75
56
45
77
41
45
39
42
56
68
62
42
49
52
40
42
59
45
32
49
52
65
56
45
43
40
45
53
46
37
55
39
41
54
43
41
55
32
70
45
35
47
43
44
39
30
37
29
26
37
41
36
44
36
31
45
91
74
137
90
100
57
77
92
73
72
66
52
62
60
95
93
49
114
83
51
42
49
42
66
60
59
39
51
49
66
53
68
41
41
38
41
63
33
57
42
35
42
50
48
50
40
37
31
38
40
38
52
53
43
43
40
50
42
34
43
31
32
47
33
34
34
66
48
28
74
108
130
166
107
64
64
49
105
113
181
117
116
97
146
139
95
140
127
133
148
132
125
108
115
111
124
161
138
151
146
118
144
151
164
137
142
129
110
132
158
101
143
158
158
129
140
160
153
127
171
88
153
142
169
136
122
157
144
127
121
88
124
125
150
158
106
111
119
116
91
109
119
132
90
71
105
78
108
114
127
109
78
107
60
76
93
76
98
78
79
70
88
84
54
38
65
50
70
34
48
82
92
32
42
54
68
41
38
68
32
37
47
61
47
35
47
38
34
35
32
36
32
37
50
33
57
54
79
83
102
78
112
64
123
85
77
108
60
107
88
104
127
105
90
150
66
110
100
111
130
108
170
165
100
112
84
94
92
119
103
116
143
177
102
132
167
118
143
118
129
111
105
97
111
106
112
94
133
100
111
121
117
88
105
126
121
166
111
119
107
118
163
125
76
103
114
111
144
93
69
113
89
83
67
70
95
86
75
62
66
90
90
46
63
80
82
62
67
78
82
76
69
54
57
65
43
41
44
31
51
70
38
48
40
41
34
38
48
33
47
55
40
43
45
34
49
31
78
138
90
44
107
104
99
72
101
39
103
91
71
106
84
107
130
177
178
112
136
136
101
163
154
110
118
108
117
91
159
139
121
120
90
110
129
183
119
111
105
98
130
142
101
131
140
100
64
112
105
73
107
139
172
86
106
176
93
101
113
113
115
103
84
81
142
110
132
161
140
85
80
90
81
51
68
126
134
108
89
116
77
75
80
84
110
108
80
76
80
63
66
77
98
89
87
89
57
59
53
35
41
32
46
66
77
41
54
51
46
28
38
32
49
40
25
44
36
40
29
43
63
78
112
94
100
87
60
109
130
89
107
124
133
123
145
136
133
123
88
78
66
118
140
135
110
138
149
104
103
140
177
122
118
91
113
78
78
111
140
164
123
97
102
133
165
129
119
96
102
123
141
103
129
136
107
131
87
136
112
91
73
104
118
102
96
100
170
145
109
62
106
101
103
124
89
64
81
73
115
103
120
82
68
91
98
109
44
78
106
59
53
55
63
50
61
53
49
43
77
46
29
36
45
33
43
48
49
37
46
55
35
42
35
44
31
37
28
31
24
40
39
32
64
105
112
108
127
75
92
113
100
166
115
149
136
179
151
134
147
97
106
94
113
118
97
120
67
114
132
126
116
107
136
106
82
96
80
98
108
93
86
82
109
113
107
108
92
123
137
119
95
132
146
130
108
98
123
91
129
84
94
144
125
79
97
131
88
97
136
82
125
98
73
68
65
88
77
71
97
69
63
64
89
43
67
102
74
61
75
76
55
89
64
88
51
58
63
59
29
50
54
41
36
51
40
40
30
37
40
63
45
57
36
74
36
39
29
40
35
43
38
57
42
105
118
54
75
90
85
92
115
92
80
114
102
93
65
99
92
117
114
126
104
97
76
98
102
99
132
94
130
96
124
109
116
82
76
140
89
58
87
121
131
105
155
70
96
83
63
86
80
69
60
57
82
45
72
38
90
41
47
59
48
29
44
55
37
46
34
30
42
34
25
46
52
29
59
36
61
36
54
74
47
35
40
49
44
46
64
39
46
55
28
42
33
49
36
35
45
39
30
38
69
64
59
67
44
66
56
58
70
49
89
80
66
71
85
76
66
119
65
43
58
44
51
54
62
40
53
64
66
58
43
35
48
40
32
41
43
55
35
34
39
37
32
45
39
54
35
60
47
120
35
45
36
25
36
84
80
248
76
28
36
41
29
25
45
51
45
55
44
56
108
95
63
72
54
72
99
92
134
87
109
116
139
118
94
79
93
124
105
127
152
124
103
111
121
123
138
153
123
148
140
127
106
116
119
94
86
82
128
148
163
128
77
118
110
159
111
135
100
72
113
120
95
81
80
103
202
131
176
86
83
86
125
104
193
167
146
92
89
105
96
127
112
75
116
79
107
74
78
92
74
88
83
91
78
40
52
47
41
57
47
38
61
77
41
44
47
47
48
39
36
41
34
42
51
47
41
39
47
35
39
48
47
41
36
31
43
41
33
34
49
35
43
35
53
30
33
69
42
50
45
31
54
34
34
53
41
33
54
45
41
105
74
43
60
48
40
40
64
37
48
39
43
38
58
27
41
47
49
67
55
46
40
32
40
40
39
29
32
35
30
29
31
40
44
112
171
226
169
112
107
81
117
90
104
120
168
167
181
158
130
115
132
93
108
92
112
88
105
113
176
120
132
137
121
132
118
92
125
132
148
132
127
176
141
121
126
105
117
87
180
171
119
196
122
189
92
141
156
107
153
106
183
117
80
66
99
86
100
116
97
103
98
85
85
88
64
87
63
67
94
123
138
134
72
93
68
112
70
86
92
109
77
78
98
74
56
53
51
53
64
67
85
49
36
35
36
52
58
50
56
52
72
52
45
50
48
35
46
22
32
37
33
43
66
133
74
81
66
107
176
118
101
74
133
82
87
73
63
87
65
96
157
122
72
94
119
83
81
81
73
100
159
87
102
80
98
117
108
75
102
111
111
124
159
139
167
146
78
158
110
132
178
139
114
135
106
126
155
120
135
124
98
120
130
119
104
112
112
110
132
100
160
169
118
148
116
117
168
123
157
121
97
98
102
90
73
71
65
54
62
55
67
75
43
45
40
56
69
51
38
48
71
43
68
63
61
64
36
47
40
42
43
46
50
39
44
34
56
48
48
22
30
68
41
68
47
72
69
82
89
108
132
132
115
115
85
86
96
119
97
113
106
129
149
184
158
118
121
100
122
100
142
118
130
116
127
153
136
158
148
124
122
136
180
222
220
194
145
84
154
125
125
144
182
118
120
89
116
115
87
87
109
139
121
82
135
84
72
145
115
121
149
130
125
171
131
78
90
159
70
112
66
90
95
119
191
113
100
66
104
109
78
62
60
76
66
59
64
69
61
84
61
66
56
58
41
52
42
34
59
59
55
53
48
64
61
65
38
55
40
42
32
33
89
40
31
40
39
28
50
47
29
43
47
86
97
92
88
93
55
68
100
126
110
86
82
82
103
155
158
163
131
143
134
111
111
119
143
121
173
163
124
158
126
145
115
129
86
133
112
123
83
96
102
84
111
94
109
98
118
108
136
161
99
65
114
119
87
116
112
93
82
39
49
44
65
44
48
57
53
128
54
89
60
95
64
64
55
39
49
25
85
45
48
44
42
34
46
49
46
45
42
73
32
38
44
59
41
30
43
44
40
47
44
53
30
36
41
35
41
51
59
42
65
54
32
46
33
33
36
59
39
55
49
38
81
83
121
104
70
58
72
67
53
104
82
64
55
84
58
64
93
57
63
90
48
63
62
115
80
47
41
34
45
47
54
50
48
35
45
46
89
48
55
35
47
57
45
97
44
55
52
34
49
52
41
31
32
28
34
51
42
41
50
31
31
38
43
91
65
57
56
92
85
122
139
128
114
120
151
124
157
115
149
117
137
115
139
132
145
183
148
160
143
211
116
95
119
151
154
115
138
142
142
168
172
155
150
135
157
131
156
133
97
178
191
158
214
136
115
150
126
154
137
127
178
106
99
126
97
93
118
109
104
113
101
133
102
102
160
138
206
142
135
124
104
89
76
156
106
135
90
109
93
123
105
84
159
129
106
59
87
66
172
79
74
68
68
66
70
88
88
66
53
57
58
40
59
42
37
60
39
51
68
50
52
47
50
48
32
48
56
33
47
42
46
55
100
131
87
68
99
101
138
92
119
83
100
125
116
90
119
73
83
83
94
133
106
127
99
76
100
108
113
119
102
109
115
107
95
99
89
175
127
106
120
111
94
72
105
163
148
118
109
102
75
128
102
100
99
103
84
117
134
73
82
66
91
69
112
118
122
102
95
86
111
75
96
81
138
86
99
72
116
94
155
114
131
113
74
115
92
65
76
75
53
68
55
59
53
56
58
77
87
46
56
33
51
41
37
64
49
44
44
43
37
40
36
40
38
39
28
37
24
47
74
107
66
154
79
102
67
81
125
136
68
69
68
79
88
106
91
86
94
71
83
43
49
88
71
95
94
86
160
119
92
79
99
84
96
81
84
58
69
78
115
83
58
86
126
63
46
56
71
45
62
63
53
137
65
48
39
54
57
74
70
62
37
39
32
41
29
38
47
60
78
93
33
31
59
36
32
40
34
43
44
173
83
40
62
41
111
139
108
129
46
36
42
29
45
49
41
220
49
47
57
80
77
35
63
66
44
38
31
43
30
26
36
38
58
98
76
112
73
64
47
82
89
143
81
100
179
132
91
116
99
120
116
121
84
122
108
84
81
80
117
157
118
106
99
86
91
98
102
135
111
100
82
79
128
126
96
77
95
66
103
114
111
95
89
116
129
123
131
86
102
137
80
102
61
93
96
73
99
81
115
120
129
78
109
105
92
135
98
89
135
97
83
62
92
85
97
74
73
85
83
91
60
73
80
66
54
47
52
36
43
54
39
57
38
47
31
33
38
42
56
40
46
58
45
41
28
37
44
35
34
39
41
99
106
93
60
79
71
58
83
116
69
82
62
89
82
67
74
95
65
89
88
103
89
60
71
101
88
147
139
135
105
68
75
72
102
74
108
111
87
96
74
105
111
120
75
84
82
130
131
107
112
93
137
92
70
79
55
61
78
80
52
64
49
47
45
46
69
43
35
36
44
36
44
78
75
41
44
52
32
35
37
40
45
59
43
38
36
30
39
34
30
32
44
33
46
48
47
56
85
58
62
108
60
130
75
65
73
96
84
95
71
48
55
71
37
57
66
74
36
53
25
51
51
33
47
38
44
39
47
56
45
55
33
46
35
31
36
56
38
45
46
41
37
70
64
26
41
34
47
41
55
56
31
29
39
32
47
51
40
72
60
34
55
26
24
41
36
45
63
135
145
107
133
85
57
53
72
100
68
73
90
94
106
65
87
92
85
91
123
115
148
117
72
120
75
76
89
109
98
144
135
99
107
102
138
111
113
65
79
85
94
130
76
120
142
134
118
115
97
198
140
130
124
63
83
101
114
103
123
85
96
94
100
79
137
102
100
88
81
111
105
119
98
67
83
120
84
118
54
46
51
93
74
100
101
67
70
79
64
71
54
74
83
65
89
74
72
65
47
52
56
56
44
43
51
46
53
56
56
52
53
46
39
43
60
53
40
37
38
29
35
30
40
35
34
67
118
68
62
78
71
62
53
93
110
156
129
260
126
96
103
106
108
87
72
93
79
104
138
109
105
139
105
145
113
100
75
116
113
115
113
101
82
114
176
112
112
133
141
128
120
102
150
90
87
117
118
79
113
102
95
102
100
106
167
125
128
137
119
79
86
72
100
116
110
111
85
96
72
86
78
79
58
67
96
66
91
68
66
82
71
85
63
53
86
86
51
49
47
64
72
72
57
49
38
48
68
60
55
58
30
67
64
61
43
45
36
45
37
35
56
30
43
50
28
37
38
54
66
49
71
85
106
118
93
82
79
79
91
86
82
126
81
91
57
111
94
89
55
46
64
72
87
82
148
89
81
93
90
89
91
76
69
64
86
84
75
89
142
102
82
106
147
155
93
131
150
82
116
119
111
118
96
87
103
100
69
101
123
91
85
79
78
71
122
80
77
125
138
97
108
95
70
51
65
85
67
62
102
54
60
58
66
69
75
105
58
98
50
54
45
128
94
62
36
37
46
44
54
54
48
42
50
45
65
70
73
68
30
47
51
33
44
36
29
36
27
50
66
69
51
139
140
222
95
95
111
117
57
78
60
57
70
81
79
57
90
80
116
109
111
75
83
99
111
68
98
79
84
160
136
110
116
120
104
109
95
133
112
100
120
133
49
112
101
117
123
136
150
69
87
81
84
77
92
110
108
111
81
126
138
108
180
115
115
107
63
89
59
111
75
104
132
122
85
88
86
143
62
62
45
56
34
97
60
41
47
92
62
84
62
76
58
58
55
55
37
49
49
44
41
52
48
42
57
38
45
40
34
79
52
72
36
31
46
73
23
48
47
46
53
40
65
60
112
77
72
107
98
106
114
100
104
85
103
82
115
78
99
94
102
148
89
104
101
102
146
131
105
98
126
90
127
132
105
100
118
89
84
135
110
118
125
98
89
135
103
73
95
106
71
96
79
77
81
125
87
97
128
117
80
115
156
122
96
89
110
110
92
102
91
90
97
109
144
115
132
89
93
62
49
68
60
83
67
72
60
94
103
61
58
62
62
76
68
65
34
31
40
33
42
44
34
34
47
58
39
28
43
39
39
43
38
26
44
75
41
73
54
104
133
124
80
65
104
61
65
113
84
62
84
96
91
108
88
78
56
63
99
102
79
78
133
104
84
136
84
74
105
138
108
110
124
122
83
73
68
73
72
127
96
121
136
90
102
145
82
90
93
111
93
67
40
39
29
67
59
44
43
53
31
36
39
46
36
34
42
39
40
58
42
57
45
45
25
41
78
38
34
35
35
33
45
39
34
37
40
32
35
36
37
47
27
127
119
92
58
26
33
44
36
29
41
41
35
46
48
48
65
37
33
55
50
48
52
38
49
32
47
55
48
34
26
36
65
44
40
48
42
41
46
109
51
66
53
73
54
40
35
29
49
42
33
52
45
41
54
45
37
44
45
54
90
103
93
154
146
158
104
109
148
120
148
160
110
133
144
77
66
87
97
54
65
94
81
96
104
60
101
125
163
135
130
146
139
139
117
131
104
121
105
108
206
99
143
169
81
82
119
111
87
81
123
173
103
113
113
143
122
107
64
78
69
120
74
92
75
100
85
81
64
63
68
68
72
72
71
70
70
87
64
61
52
51
140
49
75
38
63
47
42
48
75
45
123
70
47
39
37
45
29
38
61
37
48
54
41
51
57
36
46
43
40
42
51
34
27
55
27
43
69
94
121
124
99
120
132
172
121
90
96
118
71
119
146
82
137
145
128
111
147
165
170
107
93
106
159
110
112
68
127
116
82
101
159
102
135
113
126
104
129
111
121
96
140
85
112
83
111
121
112
140
135
97
87
70
106
145
88
92
126
108
92
130
138
103
160
161
103
74
127
91
107
154
125
100
116
91
125
73
127
100
89
71
109
156
130
74
97
88
53
58
51
84
59
97
63
90
71
69
63
58
45
48
62
92
40
59
49
65
64
37
69
54
45
52
44
70
71
69
47
35
43
36
28
31
30
20
44
50
63
98
116
133
112
147
164
157
123
105
90
99
102
88
118
160
84
103
93
99
62
72
78
99
82
63
86
153
116
122
169
164
128
75
71
97
99
81
86
68
111
83
85
151
78
121
148
91
83
111
155
140
96
103
99
124
157
148
135
89
92
94
69
95
88
146
125
72
110
67
99
88
99
103
88
114
74
77
93
61
71
90
75
69
68
56
70
69
103
98
56
48
89
64
65
60
58
48
59
55
74
51
36
58
34
57
47
55
37
48
48
53
42
