1980
4274
3686
4621
4377
4042
3475
3346
3068
2660
3300
3270
2498
2271
2357
2662
2779
3189
3415
3465
3624
3633
3625
3551
3102
3553
3849
4369
3095
2851
3749
4153
3893
3457
3979
4253
4526
4788
4856
4906
4804
5177
4797
4980
4753
5230
5050
4153
3770
3374
3210
3055
2975
2824
2841
2936
2662
3009
2851
3104
3293
3721
3943
4061
4499
4263
4667
4526
4168
4300
2788
5604
4509
4120
4129
4104
4040
4668
4496
4349
4629
4671
4451
4448
4645
5176
4972
4684
4514
4834
4842
4388
4024
3289
3435
3055
2646
2400
1871
2153
2549
3064
2941
2966
2836
1915
2048
3281
3705
3896
4989
3781
3620
3135
3771
3725
3744
3610
3665
3858
3710
3718
3857
4019
4074
3941
4240
4015
3937
4395
4400
3840
3566
3746
3667
3454
3034
3100
2660
2319
2195
2391
2363
2425
2461
2694
2820
3361
3323
3487
3723
4271
4243
4287
4130
4305
4650
4073
5603
6136
6037
5560
4377
4352
4404
5085
4569
4859
4914
4753
4916
5072
5154
4954
5493
5212
4676
4323
4422
3641
3508
3530
3044
2891
3068
2643
2594
2648
2766
2534
3254
3332
3355
3320
3091
2956
3220
5184
4405
4802
4364
5253
5604
5111
5342
5114
4957
4786
5480
4973
4641
4747
5178
5520
5247
5505
5106
5513
5350
5306
5299
5177
4657
4672
4047
3623
3323
3324
2893
2810
2617
2757
2878
2794
2969
3261
3744
3737
4130
4045
4313
4355
5763
4296
4253
4363
4706
4427
5079
4809
4409
4583
4606
4297
4402
4305
4422
4488
4947
4829
4909
5121
5342
5401
5443
6518
5793
4873
3739
3609
3466
3499
2973
2879
2788
2632
2862
3065
2702
2797
3087
3583
3469
3186
3391
3569
4226
3740
3468
3855
4215
4100
4797
4605
4412
4065
4098
4344
4158
4378
4184
4153
4191
4564
4530
4983
4594
4619
5600
4964
4116
3973
3522
3433
3512
3688
3129
2990
2977
2971
3052
3309
3352
3401
3699
4323
4203
4435
4516
4725
4603
5723
4501
4651
4601
4807
4713
4720
4875
4886
4711
4587
4490
4665
4967
4954
5307
5068
5036
5206
5334
5564
5558
5411
5048
4626
4585
3733
3911
3322
3277
3202
2668
3074
3335
3150
3307
2592
2787
3294
3908
3759
4142
4527
4434
4610
4899
4754
4763
4826
4777
4827
4680
4499
4321
3165
3218
3968
4174
4289
4594
4581
4666
4297
4420
4284
4342
4707
4758
4482
4342
3785
3362
2928
3309
3540
2910
3060
2873
2790
2867
2729
2722
2803
3434
3567
3697
3564
3872
3778
4906
3821
4142
4036
4058
3874
3775
3944
3905
4063
3983
3765
3860
4176
4243
4233
4428
4045
4762
5287
4529
4646
4832
4151
3834
4218
3609
3492
3051
2888
2903
2947
2461
1548
1632
2884
2900
3885
4001
3600
3490
3663
3676
4018
4173
4143
4248
4211
4063
4376
4289
4182
3924
4133
4136
4107
4140
4115
4269
4612
4442
4801
4832
4770
4446
5197
5031
4576
3868
4577
3843
3586
3918
2990
2894
2796
2927
3083
3034
2842
2795
3378
4236
3906
4229
4261
4427
4792
5823
4671
4473
4618
4797
4666
5100
4909
4747
4557
6294
6863
6720
6769
4503
4539
4522
4394
4365
4370
4666
4774
4863
5013
4486
4630
4123
3898
3897
3394
2598
2350
2197
2242
2431
2595
2874
2694
3209
3447
3375
3598
3792
3647
4997
4045
4108
4105
4289
4653
4515
4706
4135
3054
3021
3377
4492
4165
4951
5557
4839
5009
4916
4524
4911
5492
5533
5160
4825
4183
3982
3686
3440
3609
3020
2865
2499
2306
2430
2362
2710
2773
2965
3361
3197
3594
3650
3918
4003
4117
3951
4061
3662
4384
4128
4007
3560
3484
3527
4295
4062
3872
4671
4270
4271
3953
7062
6414
4873
5407
4995
4571
4444
4198
3713
3360
2727
2933
3338
3186
2827
2976
2998
2597
2597
2675
3547
3468
3581
3506
3715
4036
4635
4638
3450
3587
4080
4052
4242
4020
3962
3346
3598
3702
3706
3535
3952
4031
4302
4544
4867
3678
3969
4231
5146
5097
4802
4208
4079
3557
3328
3477
3004
2849
2706
2909
2943
3194
3001
3328
3157
3931
3772
3618
4216
4463
4259
3328
2392
4325
4284
4001
3773
3892
4325
4702
4659
4062
4245
4392
4350
4289
4286
4417
4611
4728
4704
4673
4867
4512
4558
4453
4379
3837
3613
3296
3513
3114
2953
3071
2657
1693
2195
3064
3431
3791
3643
3938
4083
4029
3973
5180
3982
4203
4652
4362
4355
4568
4464
3654
4266
5123
4529
4493
4573
4830
4427
4594
4684
4683
4986
4962
5253
4895
4681
4957
4616
4437
4005
3775
3710
4069
3278
4385
3145
3436
3440
3255
3353
3342
4012
3721
4068
4143
4331
4625
4353
4417
4166
4067
4213
4132
3736
4094
4305
3929
4209
4703
4367
4828
4898
5079
5476
4766
5114
5306
4852
4776
4874
4634
4708
4073
3803
3474
3129
2775
2101
1842
2168
2719
3151
3181
3438
3755
4114
4267
4183
3919
4760
4394
5707
4582
4377
4722
5556
5829
5108
5248
5077
4870
5204
4960
4595
4405
4650
4992
4997
4840
5697
5643
5601
5626
5808
5437
5235
4247
4262
4122
3434
3553
3078
1547
1538
2290
2610
2626
2757
2874
3185
3734
3418
3481
3860
3950
5063
4262
4098
4145
4200
4097
4166
4260
4073
3840
3777
4010
3950
4332
3997
4332
4159
4122
4177
4433
4655
4607
4684
4613
4414
4033
3564
3228
2765
2504
2505
2475
2439
2560
2521
2568
2611
2552
1949
2240
2514
2539
1950
1684
1417
1115
1093
1092
1093
1115
1123
1127
1124
959
859
801
629
323
319
335
339
297
319
321
310
310
328
329
330
492
490
476
492
434
433
474
449
452
611
2008
2111
2125
2109
2544
2868
2304
2577
2592
2270
3192
4079
3236
1761
2348
2135
1298
1175
1290
1545
1583
1749
2574
2217
2474
2749
2609
2507
2652
2680
3157
2987
3181
3354
2825
2795
2848
2927
2837
2957
2919
2599
2734
3179
3142
3160
3055
3104
2846
3087
2728
2166
1727
1677
1871
2179
2081
1740
1668
4184
3683
3596
4157
3733
2327
3093
3400
3281
3758
3939
2836
3419
2702
3081
3502
3640
3409
3417
3334
3208
2817
3309
3355
3813
3349
3142
3264
3270
1771
1665
1395
1449
1478
1461
1848
1114
855
696
894
975
1985
2499
2666
2771
3018
2683
2958
3038
2980
3059
3245
2908
3177
3118
3250
3220
3039
3497
3045
2415
3426
2788
3295
3482
3133
3178
3360
3314
3711
3352
3222
2995
2998
2743
2554
2270
2108
1743
2035
2189
2056
2343
2285
2595
2685
3328
3023
2972
3397
3552
3766
4203
3767
3689
3342
4592
3923
4005
3783
3818
3477
3552
3469
3226
3199
3512
3198
3364
3485
3561
3768
3808
3573
3482
3297
3412
3026
2696
2487
2210
1995
1598
2030
1926
1894
1821
2148
2125
2802
2440
2462
2845
2834
3459
3396
2939
3960
3164
2960
2957
2804
3043
3015
2964
2993
2759
2873
2831
3046
2877
3054
3229
3069
3287
3484
3237
2962
2716
2330
1962
2310
1852
1422
1527
1867
1455
1440
2125
3362
3341
3297
3923
3737
4013
3903
3715
3715
3277
3840
4083
3791
3938
3726
3891
4009
3849
4080
4346
4783
3681
3385
3116
3067
3286
3189
3555
3456
3254
3084
2996
2425
2500
2116
2240
2120
1631
1616
1992
2101
2314
2585
2805
2799
2880
3311
3392
3554
3800
5164
3856
3970
3875
3949
4273
4206
3979
4353
4530
4137
4001
4336
4239
4173
4380
4220
4051
4221
4764
4029
4100
3547
3604
3651
3542
3033
2766
2515
2689
2472
2249
2373
2310
2129
2480
2616
2857
3073
3100
3335
3356
3399
3362
3796
3468
3153
2875
2984
2885
3031
2887
3035
2796
3202
2919
3295
3586
3151
3406
3347
3425
3315
3521
3473
3206
3011
3160
2236
1864
2169
2031
1980
2096
1991
2045
2187
2248
2296
2257
2391
2500
2944
3042
3207
4046
3028
2987
3342
3283
3673
3422
3319
4286
3665
3420
3261
3364
2966
3518
3526
3493
3797
3765
3535
3847
3525
3478
3331
3012
3063
3088
2824
2613
2667
2518
2333
2599
2158
2383
2363
2324
2648
2814
2659
2746
2930
3970
3478
3604
3701
3761
3673
3658
3840
2805
2340
3253
4086
3779
3650
3784
3790
3894
3918
4129
3984
4242
4383
4240
4004
3856
3833
3509
3313
2936
2978
2970
2869
2675
2784
2900
2950
3006
3318
3248
3663
3625
3730
3985
3782
4834
4010
3630
3758
3753
3456
3843
3692
3605
3694
3620
3711
3954
4225
3926
4117
4031
4184
4313
4359
4002
4512
3890
3620
4037
3507
3567
3368
3496
3651
3550
3121
2501
2348
2746
2699
2642
2929
3215
3287
3754
3715
3631
3424
4554
3449
3557
3320
3563
3491
3359
3572
3555
3612
2768
2929
2608
2502
2938
2944
3336
3552
4315
3931
3926
3666
3553
4002
3925
3315
2899
2716
2947
2638
2692
3050
2948
3062
2979
3021
3311
3323
3587
3775
3543
3643
3626
3645
3660
3674
3581
3508
3256
3451
3849
3837
3666
3414
3770
3434
3177
2991
2780
3135
3430
3552
4381
4012
3659
