167
590
1026
592
839
1698
1941
1094
1015
978
907
1630
1618
1396
1275
1319
1269
1197
1284
1145
995
1186
970
900
892
1084
1219
1102
734
807
904
733
811
692
823
1231
1162
1085
991
798
806
758
713
686
710
649
681
703
701
719
762
792
785
956
806
784
886
847
1001
1011
996
1013
1083
1053
1098
984
1014
1087
1029
1147
1097
1072
1106
1054
1111
1073
1081
1153
936
1126
994
963
871
915
1072
1043
1166
1071
1165
1244
1362
1380
1130
1174
1026
836
855
908
797
847
1065
1153
1137
1272
1239
1224
1164
1110
1274
1157
824
1138
1012
1315
1139
1232
1121
1258
1341
1309
1296
1387
1435
1349
1282
1499
1540
1374
1518
1490
1342
1384
1491
1555
1507
1497
1415
1469
1667
1560
1531
1336
1475
1483
1434
1536
1445
1347
1412
1531
1431
1592
1640
1716
1672
1481
1168
1243
1337
1153
1135
1159
1134
1058
1151
837
990
861
881
1148
1005
796
929
982
884
868
846
924
814
806
795
828
932
852
876
985
757
867
772
775
1004
868
863
881
865
871
806
891
962
953
959
972
1056
980
1076
1209
1149
1197
1160
1199
1213
1213
1250
1228
1387
1365
1323
1336
1230
1278
1379
1418
1395
1439
1357
1323
1381
1364
1297
1008
1356
1208
1306
1303
774
701
649
1686
2178
1531
1335
1460
1290
1249
1248
1179
1248
1236
1262
1251
1341
1224
1163
1200
1185
1240
1221
1262
1441
1535
1358
1296
1310
1392
1240
1403
1294
1464
1341
1376
1405
1432
1363
1356
1275
1378
1343
1403
1331
1284
1371
1358
1447
1530
1500
1543
1591
1398
1530
1525
1441
1426
1391
1343
1294
1381
1402
1572
1460
1322
1352
1535
1462
1371
1287
1337
1383
1301
1164
1062
990
953
1005
1033
895
1044
1197
1072
839
751
814
901
690
727
653
795
660
603
542
532
543
708
672
673
723
729
958
969
954
837
911
840
841
905
848
916
943
967
970
602
610
537
556
607
530
624
741
983
973
1083
1114
1130
1112
1097
1188
1157
1481
1908
1205
1198
1172
1111
1140
1081
1149
1106
940
942
932
963
1056
1196
1159
1154
1150
1058
1092
1151
1085
1139
1199
1046
970
1106
1067
1114
1107
1110
1286
1128
1160
1074
1108
1133
1097
1044
1172
1151
1198
1148
1144
1207
1264
1191
1225
1185
1282
1214
1146
1176
1214
1356
1271
1186
1247
1254
1082
1208
1181
1193
1269
1288
1413
1273
1307
1346
1387
1196
1023
1133
1157
1070
1004
1041
1139
1056
1212
1079
1159
1062
1116
990
994
1034
850
918
869
792
1064
961
807
781
733
791
696
626
782
621
620
717
687
767
671
703
754
710
703
693
710
781
708
775
743
739
857
828
731
891
778
925
966
970
1082
1020
946
1033
1007
1097
960
1090
1087
1211
1070
1194
1368
1229
1206
1201
1282
1389
1375
1228
1270
1241
1353
1214
1122
1287
1213
1419
1416
1371
1429
1251
1137
1300
1235
1279
1919
1989
2080
1817
1743
1671
1735
1881
1785
1688
1764
1569
1366
1369
1194
1450
1280
1247
1239
1205
1200
1583
1697
1577
1346
1395
1347
1371
1389
1420
1486
1485
1486
1417
1539
1445
1491
1437
1333
1528
1441
1466
1448
1575
1512
1660
1485
1504
1548
1382
1545
1521
1571
1645
1707
1751
1609
1485
1429
1375
1365
1444
1354
1309
1257
1408
1218
1471
1097
1092
1134
1046
1053
981
1138
971
992
1023
1253
896
884
891
812
908
859
919
902
985
867
806
792
752
760
781
775
806
789
786
809
815
876
811
776
746
779
861
949
1001
1002
1026
1006
974
922
1112
988
903
1047
1058
981
1051
938
766
923
853
885
873
912
1013
1066
1165
1804
1866
1282
1345
1336
1433
1337
1519
1447
1350
1240
1282
1403
1620
1612
1862
1795
1542
1533
1482
1470
1649
1686
1583
1518
1558
1489
1579
1532
1545
1435
1488
1443
1414
1453
1599
1553
1657
1741
1445
1449
1485
1439
1382
1387
1301
1498
1416
1524
1549
1533
1537
1703
1695
1577
1597
1607
1539
1594
1516
1762
1682
1602
1491
1528
1540
1675
1650
1689
1685
1591
1518
1612
1606
1567
1658
1492
1611
1528
1576
1506
1626
1466
1346
1358
1478
1381
1402
1337
1168
1220
1220
1026
1118
1102
1036
1002
943
1077
1091
975
900
960
802
856
782
851
873
815
846
772
763
783
807
895
832
864
850
845
837
865
851
875
919
892
903
1056
905
990
1084
1109
1241
1202
1061
1086
1202
1213
1272
1259
1183
1255
1179
1206
1287
1359
1369
1415
1230
1291
1418
2252
1604
1298
1244
1313
1226
1218
1329
1399
1345
1212
1328
1301
1523
1415
1319
1301
1335
1476
1520
1543
1479
1464
1390
1483
1440
1258
1260
1455
1409
1377
1265
1424
1459
1308
1184
1345
1281
1358
1398
1318
1230
1440
1344
1176
1220
1318
1344
1336
1196
1377
1464
1496
1494
1444
1555
1334
1492
1447
1375
1521
1527
1411
1639
1533
1652
1534
1601
1629
1564
1535
1766
1657
1572
1664
1892
1458
2322
1870
1290
2256
1773
1921
1364
1221
1176
1118
1076
1112
1169
1064
1000
1078
1059
976
1127
1211
933
884
904
903
863
825
892
874
874
803
872
760
734
844
821
868
803
888
943
943
887
939
809
788
761
765
876
891
794
865
1011
1011
1066
1150
1038
1048
1032
1085
979
915
969
943
938
1102
1035
979
1006
1142
1324
1219
1286
1215
1082
1109
1173
1187
983
955
1128
1034
1167
1246
1150
1349
1339
1555
1455
662
1370
1372
1493
1541
1439
1314
1301
1270
1352
1355
1240
1183
1314
1181
1147
1208
1325
1294
1357
1260
1262
1228
1254
1283
1301
1383
1258
1298
1230
1249
1177
1331
1210
1234
1251
1268
1280
1442
1313
1367
1361
1558
1181
1344
1422
1611
1478
1273
1432
1387
1402
1502
1337
1367
1538
1831
1744
1595
1641
1267
1328
1247
1197
1248
1280
1166
1084
1005
984
1144
1087
1012
1008
1065
999
1115
1048
1029
1071
1261
981
999
876
892
920
929
849
978
911
814
863
954
845
935
904
914
882
1027
934
1025
983
979
988
1087
996
992
1051
1084
1111
1080
1220
1276
1322
1328
1302
1288
1214
1251
1390
1326
1377
1337
1370
1340
1368
1156
1761
1402
1386
1368
1699
2069
1414
1486
1352
1333
1318
1359
1373
1443
1405
1331
1393
1391
1429
1407
1528
1439
1348
1460
1415
1353
1422
1476
1483
1383
1529
1393
1587
1404
1389
1316
1371
1645
1377
1301
1401
1390
1361
1295
1432
1288
1537
1304
1452
1687
1376
1517
1554
1377
1592
1817
1370
1572
1474
1611
1445
1533
1553
1449
1493
1472
1667
1593
1577
1695
1544
1768
1588
1609
1616
1611
1711
1803
1603
1610
1614
1486
1501
1548
1463
1379
1527
1225
1498
1364
1268
1251
1090
1017
1178
1161
1276
968
997
978
1050
975
981
954
1062
998
963
752
825
699
938
928
971
858
978
1013
1007
919
960
850
1075
924
1091
986
863
782
710
761
853
819
897
958
956
1035
1079
1101
1318
1134
1128
1140
1112
1202
1259
1285
1281
1363
1336
1340
1281
1323
1433
1494
1318
1346
1403
1500
1474
1458
1474
1356
1440
1426
1443
1445
1406
1406
1510
1420
1437
1454
1419
1422
1561
1366
1420
1443
1358
1412
1376
1349
1299
1329
1413
1231
950
936
1013
940
933
923
1036
1015
1225
1321
1229
1248
1323
1177
1304
1273
1316
1366
1358
1428
1327
1306
1428
1349
1402
1439
1438
1336
1210
1307
1310
1322
1320
1372
1216
1333
1275
1211
1279
1383
1439
1416
1470
1345
1313
1470
1481
1313
1353
1336
1390
1380
1262
1176
1163
1119
1117
1042
1002
1003
937
907
841
866
938
1043
1020
1015
1159
1072
927
850
882
857
927
976
845
915
882
789
860
819
867
788
894
837
879
885
881
743
750
806
765
900
830
810
884
880
987
1169
1139
1087
1022
1092
1050
1138
1134
1123
1005
1021
1215
1104
1200
1187
1166
1139
1054
1385
1989
1154
1193
1206
1084
1111
1251
1246
1250
1229
1243
1150
1205
1176
1217
1330
1243
1082
1093
1114
1142
1135
1173
1227
1084
1235
1214
1139
1161
1216
1236
1214
1295
1151
1178
1139
1162
1140
1080
1141
1145
1164
1280
1261
1169
1329
1235
1291
1264
1221
1320
1286
1306
1264
1344
1315
1235
1177
1238
1345
1620
1350
1594
1641
1489
1428
1363
1353
1395
1354
1409
1443
1394
1369
1346
1612
1304
1153
1245
1187
1134
1130
1213
1245
1157
1391
1126
1045
1033
1059
1060
996
1016
969
839
963
938
949
642
857
823
894
862
974
886
809
842
797
567
487
435
457
431
443
519
681
825
869
917
896
836
851
951
1357
1062
1222
1157
1217
1237
1149
1138
954
1035
1085
1046
1011
1122
1136
1077
1035
1131
1126
1230
1141
1269
1150
1195
1305
1285
1235
1199
1279
1301
1300
1269
1200
1286
1315
1218
1201
1224
1206
1368
1366
1206
1317
1227
1311
1302
1323
1217
1197
1235
1196
1110
1274
1209
1196
1282
1173
1239
1274
1238
1311
1188
1212
1250
1186
1312
1169
1282
1249
1225
1362
1266
1274
1390
1392
1387
1369
1299
1324
1360
1463
1438
1516
1374
1429
1503
1520
1388
1404
1392
1236
1370
1405
1506
1388
1804
1523
1548
1442
1267
1505
1388
1364
1104
961
1373
1617
1245
1301
1226
1115
1100
1158
1055
1135
1054
1206
1342
1044
983
947
851
808
819
924
878
887
823
819
836
835
922
918
859
904
1003
976
868
890
903
763
869
858
737
902
905
973
980
1073
1132
1366
1246
1268
1089
1168
1225
1220
1259
1322
1259
1274
1306
1320
1282
1295
1380
1395
1610
1346
1339
2126
1906
1344
1376
1412
1432
1407
1346
1282
1346
1515
1312
1479
1402
1407
1392
1450
1387
1360
1425
1386
1738
1555
1346
1449
1579
1394
1428
1591
1132
1365
1446
1449
1538
1996
2259
1957
1846
2313
2044
2040
1992
2131
2031
2081
1917
1305
1356
1381
1408
1352
1302
1391
1358
1373
1338
1331
1292
1352
1276
1269
1329
1371
1307
1241
1361
1346
1402
1410
1493
1464
1369
1496
1425
1448
1450
1563
1474
1468
1379
1334
1366
1381
1402
1337
1425
1208
1257
1184
1290
1147
1134
1176
1137
1194
1191
1230
986
844
872
841
722
760
671
679
737
702
722
558
618
602
763
751
695
730
729
780
753
805
850
1056
750
709
781
794
885
948
910
993
1037
1101
988
1026
1031
1022
975
1057
1063
1144
1062
1145
1103
1176
1087
1084
1116
1221
1373
2037
1182
1234
1227
1179
1269
1227
1201
1270
1232
1208
1152
1245
1346
1428
1335
1374
1457
1392
1289
1409
1345
1472
1435
1301
1252
1269
1192
965
925
904
840
910
877
951
916
992
1172
1525
1298
1267
1220
1179
1318
1303
1354
1636
1508
1735
1728
1561
1534
1383
1465
1495
1498
1545
1461
1562
1299
1537
1418
1306
1323
1513
1446
1520
1427
1522
1706
1680
1657
1596
1695
1726
1584
1472
1547
1507
1463
1399
1313
1263
1207
1281
1201
1183
1173
1118
1200
1017
1045
1134
995
960
1206
1092
968
874
934
882
987
932
813
712
791
703
756
735
632
693
670
720
789
718
655
716
770
868
854
726
793
817
868
843
839
820
1020
982
1007
1037
934
890
980
1090
1110
1151
971
1053
1107
1154
1088
1238
1150
1181
1178
1227
1195
1218
1155
1284
1269
1128
1206
1202
1325
1166
1176
1053
1217
1019
1362
1296
1245
1264
1257
1147
1314
1195
1315
1124
862
1236
1108
1114
1130
1069
898
979
1048
1131
1136
1276
1366
1327
1276
1183
1162
1178
1442
742
1700
1277
1303
1321
1250
1313
1287
1340
1308
1202
1137
1199
1178
1305
1878
2412
2327
2378
1874
1700
1406
1540
1486
1471
1514
1530
1795
1662
1557
1335
1415
1292
1347
1487
1343
1329
1243
1348
1278
1213
1074
1092
1190
1106
1081
948
941
929
796
781
794
862
843
955
944
1068
1026
958
942
979
871
766
892
903
904
865
909
1030
846
838
775
822
775
780
942
608
776
764
813
820
906
1035
1177
1091
939
1108
1037
1112
1179
974
998
1037
1019
1106
1086
1219
1072
1061
1277
1277
1230
1357
1302
1900
1419
1206
1280
1020
1008
1089
995
1049
1123
1120
1303
1175
1235
1235
1185
1171
1326
1277
1342
1124
1354
1255
1045
1341
1124
1110
1076
1044
952
991
1070
1011
1187
1216
1076
1059
1126
1075
1089
1143
993
1144
1022
1159
1138
1227
1167
1144
1229
1329
1356
1308
1228
1220
1333
1481
1480
1395
1507
1450
974
1025
1224
1158
1097
1213
1234
1191
1305
1476
1473
1483
1716
1612
1443
1538
1451
1507
1451
1292
1341
1260
1212
1396
1198
1128
1068
1012
1073
1073
953
985
1078
1138
1216
936
699
976
874
972
845
859
815
780
818
833
899
874
808
902
863
911
870
952
918
989
907
859
936
953
1080
923
1006
853
979
953
1132
1053
1323
1166
1132
1132
1137
1191
993
1066
1301
1243
1141
1696
1254
1124
1288
1239
1206
1303
1344
1260
960
399
357
317
1594
1366
1204
1345
1364
1414
1120
1166
1218
1239
1174
1129
1141
1128
1120
1259
1088
1153
1171
1465
1336
1488
1371
1425
1349
1469
1423
1230
1325
1128
1215
1160
1362
1279
1285
1314
1384
1281
1281
1399
1242
1237
1291
1345
1290
1311
1276
1236
1411
1356
1239
1319
1426
1419
1363
1458
1458
1410
1419
1369
1402
1369
1396
1461
1418
1404
1547
1392
1378
1320
1367
1325
1402
1350
1371
1312
1342
1362
1297
1355
1274
1214
1167
1103
1111
1069
1077
1019
995
1031
960
1171
1108
935
958
880
926
938
894
871
899
902
937
930
910
939
786
481
539
448
549
589
648
688
823
908
934
1013
1021
981
1085
978
1212
1272
1088
1108
1084
1040
1182
1218
1190
1185
1238
1254
1123
1275
1183
1227
1272
1168
1160
2307
1300
1180
1234
1194
1155
1195
1319
1172
1309
1480
1331
1352
1391
1315
1284
1353
1352
1269
1242
1310
1431
1376
1296
1288
1394
1366
1212
1025
988
1185
1229
1400
1479
1845
1284
1490
1369
1345
1292
1300
1345
1409
1350
1391
1363
1389
1479
1533
1337
1303
1292
1440
1280
1397
1379
1391
1494
1390
1339
1341
1431
1392
1462
1355
1529
1711
1552
1471
1387
1647
1550
1540
1498
1593
1413
1337
1459
1372
1420
1416
1484
1559
1509
1381
1326
1364
1426
1307
1238
1330
1062
1223
1194
1104
1132
1122
1085
1012
1226
996
1330
1280
1174
901
1001
998
1326
1393
1333
975
919
933
1017
1119
977
942
1019
1072
1048
1006
970
964
971
1098
966
968
956
1024
1027
1076
1258
1314
1081
1072
1178
1125
1173
1275
1249
1283
1205
1270
1245
1321
1300
1321
1375
1365
1414
1398
1279
1258
1319
1337
1316
1395
1287
1194
1153
1231
1128
1248
1232
1206
1335
1365
1300
1177
1190
1034
1044
1245
1200
1205
1250
1253
1245
1369
1290
1244
1136
1156
1251
1295
1199
1322
1350
1372
1516
1322
1377
1283
1275
1506
1467
1429
1480
1473
1481
1522
1607
1440
1537
1724
1737
1418
1575
1323
1438
1434
1493
1577
1859
1506
1524
1530
1435
1406
1508
1416
1352
1457
1614
1471
1451
1407
1426
1425
1265
1411
1490
1341
1327
1331
1166
1085
1298
1111
1024
998
1076
1078
990
929
921
881
847
869
789
746
590
558
544
578
584
504
606
634
767
812
757
843
887
963
1024
865
879
1055
966
1006
1001
1111
962
1119
1211
1157
1193
1260
1287
1416
1222
1164
1349
1209
1241
1273
1295
1230
970
1395
1410
1481
1311
1336
1280
1399
1378
1998
1873
1361
1331
1427
1331
1358
1299
1296
1415
1433
1430
1562
1670
1745
1768
1646
1846
1651
1444
1624
1537
1559
1576
1617
1448
1563
1566
1455
1481
1404
1526
1587
1624
1502
1476
1494
1459
1488
1328
1369
1432
1337
1270
1324
1485
1288
1408
1370
1503
1593
1469
1470
1510
1519
1441
1398
1517
1454
1910
1599
1716
1632
1698
1773
1612
1699
1679
1720
1695
1703
1659
1664
1882
1736
1570
1613
1628
1723
1564
1525
1575
1475
1196
1129
1335
1242
1292
1432
1178
1180
1172
1062
1029
1008
919
1195
1185
884
921
945
917
509
449
476
367
470
518
482
637
704
763
810
756
773
809
823
766
765
805
885
801
836
809
901
939
989
934
981
1128
1168
1108
1037
1036
1008
1059
1040
1058
995
1100
1178
1248
1190
1195
1196
1123
1213
1603
1950
1254
1327
1224
1250
1249
1195
1189
1260
1224
1279
1232
1239
1326
1299
1206
1165
1307
1223
1235
1222
1250
1277
1339
1206
1250
1243
1135
1219
1156
1067
1216
1110
1088
1172
1180
1267
1195
1182
1119
1291
1198
1416
1272
1194
1186
1225
1258
1345
1243
1335
1252
1228
1222
1226
1192
1271
1233
1245
1315
1237
1301
1329
1383
1449
1304
1419
1383
1381
1426
1354
1449
1390
1391
1361
1352
1438
1353
1352
1293
1315
1212
1176
1208
1079
1087
1055
1053
975
942
905
839
824
798
809
745
697
716
747
730
843
732
729
736
747
754
690
781
699
774
801
758
728
788
746
833
692
806
788
784
783
791
845
663
631
541
579
739
581
652
684
681
818
797
662
826
828
732
601
526
499
472
483
544
467
437
392
350
311
318
345
346
335
324
308
332
351
321
324
347
324
314
365
314
342
313
333
336
346
377
317
342
346
322
287
290
263
260
252
246
305
204
258
254
223
250
125
96
93
98
98
97
98
93
107
97
98
90
103
106
100
86
95
89
99
96
92
97
96
97
95
91
95
92
89
94
98
93
105
95
102
94
99
98
96
86
101
151
138
152
149
149
143
147
128
144
144
162
144
153
132
142
121
132
106
137
146
146
143
144
137
140
138
119
142
140
127
123
124
181
354
495
681
704
580
663
678
668
706
588
563
590
639
670
828
723
760
685
668
793
1207
710
711
631
737
775
808
807
877
757
620
653
673
732
699
805
1289
1260
1302
1222
1083
1122
1013
712
450
436
682
467
390
960
1060
932
512
355
339
382
461
344
314
379
374
369
389
412
497
447
438
495
521
426
494
494
520
545
719
831
772
682
632
685
685
677
759
823
764
832
874
808
768
790
812
712
761
744
757
797
823
797
801
805
853
965
965
926
860
882
929
958
966
912
972
1043
1045
955
736
678
1036
983
779
795
888
823
921
829
843
926
862
839
890
868
818
884
832
959
978
814
826
831
779
773
773
898
737
843
946
967
918
1017
910
890
1002
947
940
944
937
881
949
911
962
915
843
946
750
911
782
999
1005
865
782
813
838
674
597
626
642
535
432
375
563
591
404
524
712
497
578
669
733
589
620
733
542
604
465
467
559
454
468
1147
1146
1197
1294
1085
1021
1164
980
1089
1161
1117
1266
1263
1303
1137
1320
850
664
629
767
836
844
1027
1030
1030
981
1012
895
1013
1024
1009
945
997
1824
1354
949
968
613
906
965
1076
1020
1000
980
1006
734
657
716
941
1064
1115
1016
1058
1010
1081
1080
1142
1040
1037
999
1015
995
1045
1042
950
1039
998
1037
879
987
923
943
613
944
1056
1081
871
864
930
1157
1172
1159
1111
1124
1053
941
1006
992
918
913
948
1049
974
903
929
950
1100
653
452
503
509
507
484
485
395
435
408
431
419
459
410
468
462
416
388
421
514
419
544
683
429
356
308
336
260
224
258
211
218
209
204
222
276
346
277
325
277
634
608
566
605
792
759
749
775
752
910
967
817
761
766
915
962
887
810
789
798
828
835
958
965
947
929
824
891
923
876
909
989
831
920
1018
1015
938
910
816
866
1003
941
866
1056
996
891
826
971
1064
931
954
1013
935
893
881
955
952
1070
1114
989
1039
929
781
802
736
769
720
1126
993
991
893
848
795
884
1110
916
951
1012
1093
1063
958
959
932
926
1052
933
907
999
949
1056
1086
1028
935
1083
1100
1115
957
1005
1019
1049
982
1090
854
861
1081
855
809
999
832
852
889
835
723
775
702
818
834
686
640
665
761
621
539
680
392
615
370
640
626
642
690
689
584
695
656
533
682
613
732
714
599
799
681
724
830
715
797
754
746
920
991
1041
978
840
867
952
1012
867
859
916
1071
1004
1000
1072
749
1247
1220
1055
1020
1277
1878
1002
1003
1108
1192
1064
1101
1089
1104
1118
933
1125
939
1228
1259
1649
1244
1258
1113
1109
1163
1199
1209
1170
1043
1236
1092
1058
1324
1112
1053
1009
1112
1032
1019
1098
1022
1119
1050
984
841
1047
998
984
884
952
1090
1066
968
1107
1005
806
994
1043
919
1104
1061
1055
953
1107
1119
1025
1051
1158
1208
1138
976
1095
1215
1152
1087
1122
1031
1063
1036
1022
1003
986
1010
992
970
1048
1044
1022
897
909
843
733
849
819
713
797
741
657
714
642
729
584
564
551
422
470
579
516
699
524
594
519
690
541
498
618
560
520
640
458
633
680
711
545
637
705
605
640
840
968
774
730
721
747
719
780
735
803
916
803
813
799
942
831
828
1069
931
1847
864
723
865
812
890
965
894
813
1972
820
1056
986
882
969
878
814
759
942
918
952
917
729
755
986
1009
837
964
880
879
790
883
889
1014
950
813
910
845
779
854
813
939
844
897
862
789
841
931
882
913
933
842
911
793
764
962
1046
1004
938
944
1006
843
992
921
1011
1010
916
1066
1048
1027
939
1071
818
1100
980
814
820
827
848
770
707
675
728
686
569
631
567
624
684
702
670
835
433
312
504
336
484
535
452
386
605
719
460
363
447
468
414
347
464
435
554
495
740
826
960
1126
980
1068
932
987
838
1008
1156
1038
1259
1155
1120
1100
1127
1223
1029
1322
1155
1248
1166
1100
1183
1193
1069
1092
1085
1102
1150
1098
1081
936
901
941
1130
1274
1491
1173
1129
1148
1114
1099
1215
1271
1130
1183
1127
1136
1029
1204
1024
1131
1320
1201
1147
1264
1305
1216
1085
1032
1201
1207
1280
1363
1173
1310
1491
1562
1463
1151
1187
1054
1056
1049
1135
893
948
854
890
1107
958
785
949
1070
990
940
794
1007
985
980
1076
1164
1024
1037
1069
1026
985
948
975
992
924
962
876
931
911
903
776
687
704
789
783
741
696
587
606
685
713
657
651
675
648
611
643
535
488
467
448
550
515
414
517
592
713
625
612
653
685
802
663
618
752
832
758
817
860
880
779
829
840
913
831
882
853
994
953
1025
1037
1048
983
988
1004
1071
1154
1143
1132
1117
1636
1922
1163
1213
1175
1142
1177
1206
1208
1204
1122
1182
1154
1136
1070
1297
1215
1315
1284
1290
1146
1275
1328
1287
1251
1153
1129
1293
1321
1287
1291
1300
1421
1470
1287
1194
1156
1194
1184
1195
1304
1278
1263
1440
1246
1226
1246
1212
1295
1223
1206
1289
1441
1328
1201
1416
1162
1219
1230
1194
1322
1180
1303
1274
1435
1442
1437
1294
1087
1200
1249
1348
1164
1119
984
1152
1079
1199
1052
1052
1020
1046
1131
1112
1273
910
1002
908
946
889
867
816
849
774
834
791
640
792
869
786
693
740
761
806
693
630
640
694
652
750
783
661
638
733
628
696
577
736
720
770
782
724
821
795
918
875
812
843
875
1063
882
900
885
1055
887
1165
953
927
1045
1045
989
987
1030
1096
984
1041
973
1435
1078
940
1055
1089
1064
908
931
996
921
898
856
806
879
884
910
918
907
886
800
902
914
938
773
837
941
953
886
854
955
894
971
698
839
1103
928
795
840
882
967
929
983
1042
1106
1107
1046
985
949
992
893
971
948
1183
974
1016
962
1017
1070
959
1078
1052
939
998
1176
1111
1008
866
1049
1102
1008
929
992
953
990
902
835
929
1174
889
784
653
714
644
614
502
643
511
628
669
691
633
658
570
583
515
589
663
611
705
580
608
594
557
660
543
610
689
672
667
623
671
680
701
661
681
700
681
652
685
689
740
713
698
753
688
741
834
889
886
893
862
920
903
998
893
1039
1171
1595
1004
910
861
933
907
928
909
835
1067
945
949
1023
1004
967
988
1033
1056
1006
1233
892
1021
1178
1007
992
967
1421
1050
1294
1277
1212
1072
978
1018
1087
998
958
963
1016
992
1026
1049
938
859
883
902
1000
1115
1061
993
1077
1107
1013
1018
1075
1020
1190
1106
1150
1107
1096
1111
1182
985
1070
1088
1183
1127
1212
1061
1070
1073
1038
1066
1051
1027
1003
984
978
1040
842
866
964
958
878
929
895
965
903
911
839
854
843
777
812
722
857
824
791
764
792
750
709
666
690
737
759
813
743
744
634
644
660
706
737
731
654
697
699
784
663
721
678
747
797
813
1071
765
746
811
828
771
772
866
802
822
774
906
784
1087
1179
1042
1384
1068
1034
1048
1004
1092
1103
1142
1101
1110
1081
1187
1152
1084
1068
1088
1097
1092
1075
1177
1072
1083
1080
1309
958
867
790
775
699
702
722
955
1036
966
1139
1195
1320
1105
1156
1114
1132
1106
1085
1104
1115
1110
1144
1203
1157
1078
1122
1123
1144
1217
1166
1176
1198
1184
1134
1201
1398
1146
1129
1286
1303
1253
1255
1278
1324
1335
1300
1252
1335
1240
1201
1151
1205
1300
1177
1195
1044
1149
1218
1116
1068
1088
1067
942
1013
1023
971
873
888
903
847
889
896
912
884
918
874
882
835
865
860
844
707
795
841
843
856
896
847
870
881
831
918
927
930
877
879
1123
823
1046
971
964
957
1038
1079
1127
1101
1134
1057
1072
1136
1051
1114
1209
1200
1185
1182
1154
1017
1232
1138
1621
1661
1187
1189
1284
1143
1100
1122
1056
1044
1055
1194
1189
1188
1151
1042
1152
954
1014
1051
1210
1181
1095
1165
1095
1074
1081
1055
1105
1063
1138
1197
976
1112
1101
1091
1136
1095
1107
1128
1127
1236
1252
1326
1260
1223
1204
1142
1198
1165
1294
1240
1221
1163
1180
1267
1215
1296
1236
1230
1321
1357
1311
1348
1228
1314
1219
1252
1103
1304
1467
1307
1283
1222
1131
1116
1192
986
1063
1169
1224
1216
1145
1022
1110
1037
1118
1116
1019
996
954
1043
981
940
1105
1159
1142
1119
1031
1046
1037
1053
1079
974
956
885
788
696
770
747
684
720
670
850
878
792
807
801
837
812
746
798
849
804
929
887
942
954
986
973
990
979
1001
1152
1129
1150
1209
1059
1127
1069
1095
1097
997
973
1099
1045
1642
1475
1045
1150
940
1098
980
1059
1069
1102
1020
955
1003
1068
1120
1015
1025
1032
1096
1040
982
1014
1012
1027
1079
1117
1074
1077
999
1105
1197
1046
1042
975
740
830
821
916
928
814
754
797
786
791
685
747
810
920
859
899
904
868
865
947
993
1021
1033
981
1119
1101
1045
1402
1406
1464
1054
1136
1125
1097
1233
1210
1091
1146
1046
1172
1061
1065
973
943
1051
1673
1198
1143
1191
1119
977
967
929
917
818
880
853
811
778
902
874
893
863
794
795
738
704
751
919
1062
895
832
865
855
885
922
896
987
880
892
891
872
939
907
838
960
970
962
1048
948
967
1048
1034
1130
1065
1049
1101
1195
1092
1120
1095
992
1104
1034
1124
1104
1065
1119
1041
1148
1033
1140
1086
1084
1057
1158
1051
1173
1036
1125
1135
1015
1079
975
1099
1075
904
1042
995
927
1028
1071
1122
1242
1088
1137
1187
1224
1059
1081
1085
1064
1155
1031
1024
1007
1195
1210
1016
1069
1013
1046
995
929
981
927
950
928
874
786
790
867
869
847
995
1000
1062
1028
988
1047
987
1088
1195
1243
1321
1404
1316
1142
1185
1117
1123
1041
1083
1033
