5
14
27
48
39
34
41
20
21
88
232
188
208
237
212
224
73
72
103
94
103
94
97
101
96
96
98
94
153
302
310
305
320
216
166
381
353
321
355
313
332
267
173
174
186
172
204
185
178
178
171
161
158
169
177
153
164
162
173
149
174
143
137
156
154
143
310
341
235
249
258
237
327
332
283
248
199
229
245
221
241
218
235
236
224
190
222
198
237
204
231
202
240
220
226
200
209
238
219
187
225
191
202
181
221
178
199
216
214
200
210
216
221
223
231
222
167
166
202
157
210
163
139
158
152
173
188
197
205
172
202
222
179
180
160
132
161
158
173
151
140
147
137
152
159
199
150
128
118
138
153
159
222
205
167
178
182
175
228
209
215
210
204
182
177
201
166
172
148
128
124
105
122
107
111
120
121
129
166
160
168
128
92
179
181
156
144
120
114
119
106
130
125
120
89
214
157
106
116
96
130
106
121
123
98
115
96
109
208
197
242
221
183
185
216
184
173
200
198
195
195
201
218
216
150
165
165
171
169
168
154
174
165
161
130
156
133
139
125
115
160
139
115
139
127
126
148
109
125
110
119
147
130
113
129
117
84
140
112
109
112
100
125
128
107
149
97
109
155
93
101
92
140
116
106
94
98
107
147
95
94
140
102
107
149
128
123
94
116
153
94
123
87
128
111
118
126
136
118
110
136
127
134
101
138
126
146
128
157
122
108
131
125
118
132
130
136
144
189
134
188
208
104
133
125
137
117
170
144
113
132
141
129
164
141
77
162
126
133
135
161
169
171
159
112
143
135
127
172
156
115
140
170
248
148
155
182
184
173
169
175
180
171
153
157
160
171
199
167
139
163
174
172
174
230
156
178
173
152
171
175
173
163
219
168
178
209
174
188
181
151
170
192
163
153
155
180
138
192
143
197
164
146
170
203
220
191
157
166
177
160
164
151
211
218
173
212
158
187
199
186
186
177
168
188
192
192
192
182
145
207
154
187
227
150
169
180
193
168
190
159
172
184
181
196
189
177
193
178
178
214
161
158
189
159
192
165
198
194
188
157
179
201
180
166
211
189
206
188
169
143
157
155
124
197
179
171
172
201
206
153
170
169
180
160
162
161
171
159
130
197
145
141
160
132
144
168
126
140
134
166
157
159
159
160
185
187
192
187
161
182
161
170
195
168
167
203
236
162
196
199
170
171
185
184
120
217
194
169
170
188
187
234
217
194
194
209
201
236
210
197
246
216
214
229
260
234
228
213
257
234
214
211
183
166
211
200
159
291
206
189
163
159
166
173
181
169
164
191
148
133
140
133
153
129
148
151
133
135
137
148
151
160
154
132
139
181
142
153
135
126
140
122
121
126
133
161
132
146
149
155
131
176
175
195
233
211
198
202
178
177
187
181
169
202
207
198
180
195
199
211
213
223
231
220
217
199
221
191
191
185
189
206
202
223
219
209
206
214
183
177
175
164
207
165
185
193
196
199
228
219
226
215
187
204
220
228
165
171
169
146
190
138
136
119
95
100
178
132
138
327
263
148
137
160
179
185
203
248
235
191
197
222
222
173
188
197
181
206
194
193
227
205
217
198
192
210
174
191
201
172
173
169
249
204
189
229
218
231
216
246
221
218
209
205
235
237
219
210
203
243
200
203
218
214
218
212
235
250
238
232
220
223
234
265
205
236
272
202
206
243
232
217
249
236
223
221
207
227
168
267
265
239
235
241
252
307
247
271
241
221
253
226
210
246
243
211
238
252
265
287
257
240
217
243
266
244
253
274
210
243
191
237
208
221
242
241
238
217
237
222
229
244
265
228
239
264
251
236
453
211
194
250
211
219
243
260
313
213
259
249
265
226
229
254
274
252
236
232
214
232
249
245
268
217
235
259
245
250
383
275
231
284
244
291
251
245
262
235
276
250
280
271
235
260
235
181
217
181
262
245
250
228
274
290
204
243
236
240
215
240
276
240
272
257
244
229
219
245
240
263
257
254
252
247
263
228
233
290
231
232
231
239
246
191
203
229
239
230
240
240
211
227
264
257
242
229
269
272
262
232
225
216
247
222
289
262
234
323
241
243
289
273
254
250
316
261
286
304
263
291
274
280
304
327
281
281
270
264
249
278
301
233
214
219
236
184
197
195
172
191
229
195
221
200
226
215
186
218
268
225
222
226
178
201
229
174
199
176
174
171
213
172
190
191
198
188
177
215
222
183
174
195
194
191
197
187
170
180
162
192
171
187
166
234
202
171
212
174
158
149
159
117
155
138
119
161
179
166
164
159
161
128
156
142
161
151
123
121
142
152
159
137
170
197
209
178
195
172
197
185
175
175
162
172
136
123
128
124
139
131
151
142
184
143
157
159
144
180
145
187
162
150
158
147
143
135
155
130
174
143
137
117
177
153
141
138
145
142
141
141
139
133
147
169
169
165
141
150
125
145
128
120
146
166
132
131
135
123
119
138
134
115
150
132
126
122
153
122
157
149
125
151
132
152
179
165
153
134
152
135
133
151
147
149
142
135
137
165
148
179
182
169
155
159
141
142
113
126
128
124
124
145
148
144
131
154
145
125
139
127
134
129
118
114
134
134
133
119
141
155
203
159
170
154
163
148
175
131
148
145
121
131
173
140
134
149
136
125
149
171
145
160
131
128
141
145
147
151
153
121
124
125
155
152
194
156
145
111
96
141
157
153
148
153
151
143
143
156
159
194
142
161
150
161
151
165
141
168
167
162
158
151
178
148
162
154
165
170
155
160
168
172
141
151
168
184
240
156
150
154
168
197
155
155
196
187
157
189
192
196
227
201
194
214
177
203
202
204
153
196
191
200
200
218
183
203
193
203
154
169
213
222
199
195
209
181
205
192
217
200
219
190
219
207
178
200
196
181
190
223
223
216
251
218
174
193
198
171
214
198
187
258
200
219
249
229
224
214
252
263
209
223
214
217
239
214
225
235
230
229
190
237
223
220
227
223
206
208
190
228
190
202
212
235
181
208
214
212
228
224
209
229
265
234
218
215
228
285
254
198
238
240
215
205
243
249
243
240
235
216
256
239
253
251
226
246
237
212
185
256
225
234
206
210
192
225
222
224
211
245
254
228
212
264
246
211
203
240
215
228
200
211
203
206
188
158
136
133
187
234
224
221
245
227
205
216
199
191
202
187
213
223
210
220
209
223
221
215
215
217
199
249
208
118
144
171
116
128
97
102
101
141
116
132
109
103
118
114
105
98
111
117
111
116
483
432
427
358
322
414
372
336
376
395
270
238
234
201
193
199
207
199
235
240
255
347
276
219
224
212
182
240
199
230
223
199
199
229
195
195
207
207
216
221
206
186
210
219
206
222
185
208
186
182
196
202
200
256
210
169
211
189
206
188
254
188
211
248
187
210
220
192
205
263
187
188
201
209
203
237
223
231
168
223
259
218
180
207
197
204
218
240
191
184
164
200
184
186
190
207
211
201
205
188
211
200
195
188
203
250
182
180
211
205
212
187
224
198
182
234
196
210
177
206
203
248
218
218
196
214
269
262
282
272
260
260
261
212
270
240
193
94
312
246
273
277
189
203
200
218
209
221
200
223
200
219
247
316
216
227
210
216
207
200
210
215
190
203
222
218
193
195
244
300
253
201
224
199
222
213
235
230
239
218
274
246
257
218
217
236
223
227
220
238
203
246
228
226
235
224
227
242
234
240
238
250
249
231
227
238
237
245
235
218
237
214
214
233
238
242
226
220
197
201
230
236
201
194
213
277
203
253
228
214
203
228
242
235
208
206
224
215
265
234
239
237
213
233
216
207
200
258
217
199
203
213
229
234
206
200
256
233
219
234
229
228
225
235
219
205
246
227
245
235
230
249
261
229
240
298
294
241
228
239
257
242
253
247
262
254
265
269
237
275
243
309
247
246
270
264
255
244
253
222
236
202
241
245
238
274
246
224
303
355
218
256
229
233
234
237
249
235
223
268
229
246
223
234
241
223
259
228
248
242
204
248
221
214
212
239
230
238
210
202
151
322
219
202
198
231
244
225
236
207
238
210
242
219
251
237
243
242
278
266
273
246
267
254
235
245
228
235
263
233
214
214
213
225
223
277
251
238
255
234
97
300
283
280
231
239
202
206
216
227
262
275
276
265
228
234
194
219
231
231
212
220
252
183
189
197
208
234
264
205
229
234
207
256
189
190
307
258
221
208
195
204
215
198
211
228
179
164
184
197
181
163
178
189
154
157
151
150
182
175
175
139
168
163
168
157
158
162
150
164
151
212
166
157
184
148
182
184
178
168
115
120
153
182
157
151
165
159
170
181
218
215
208
188
193
193
200
194
190
184
180
175
149
147
159
139
131
133
130
120
120
124
129
132
126
148
155
127
107
122
155
253
170
123
106
131
118
136
129
108
108
106
103
118
123
128
122
114
122
127
114
114
103
105
90
115
213
126
114
115
112
106
151
114
95
101
93
91
89
101
102
106
114
100
82
102
87
84
87
82
84
99
73
77
117
96
85
88
101
80
93
96
97
110
101
177
127
123
113
109
103
111
113
102
128
118
108
101
116
126
133
105
126
120
113
107
95
120
118
127
162
160
178
166
150
145
159
178
165
162
183
138
143
155
143
180
191
174
111
135
134
137
151
129
151
144
144
141
181
133
168
144
128
147
133
134
154
139
151
173
127
125
126
138
211
155
133
138
130
140
158
134
130
139
147
145
154
170
151
151
145
158
138
190
160
141
156
158
172
157
160
143
177
143
180
165
149
162
171
107
100
87
125
113
70
113
89
95
97
125
91
102
99
88
95
68
85
99
93
99
90
83
92
102
110
86
96
93
120
87
99
83
78
97
86
92
112
105
99
102
114
109
143
132
115
102
140
149
169
155
128
197
185
193
151
149
123
180
177
167
185
156
183
174
218
165
197
166
170
200
216
179
169
201
207
199
175
191
184
191
194
168
184
158
191
177
169
205
197
185
214
209
179
195
206
180
211
210
191
170
195
206
198
180
219
301
377
350
334
335
365
308
216
196
214
179
223
182
211
208
205
205
193
207
180
192
194
211
200
224
151
227
148
190
199
173
174
120
208
193
207
190
222
177
181
171
187
181
184
194
207
187
171
195
195
182
187
186
197
186
168
158
163
161
160
135
163
154
144
168
161
154
161
162
168
158
148
151
145
146
152
160
162
146
197
187
152
157
184
176
200
204
207
200
185
184
216
207
194
211
189
167
191
209
151
179
192
215
208
201
190
203
221
182
153
168
166
185
172
184
183
208
180
152
183
173
196
202
197
164
213
183
192
165
214
172
202
166
166
202
196
173
189
214
165
191
207
184
178
200
239
188
199
160
178
158
163
139
179
165
166
153
168
185
210
174
162
189
186
148
190
184
209
156
180
181
219
187
199
156
172
204
172
212
185
170
164
181
177
153
218
214
167
223
246
198
206
201
212
198
196
178
187
183
186
171
214
186
179
211
199
171
186
171
185
176
185
196
177
212
172
181
170
209
159
181
184
200
200
171
183
178
189
193
183
168
160
180
194
175
167
193
212
221
186
192
168
192
177
183
190
202
207
189
231
174
211
198
195
165
228
179
217
180
179
185
209
182
194
177
197
211
179
206
227
183
201
225
232
217
197
198
195
202
202
191
198
209
189
199
212
218
202
200
194
217
199
201
187
185
196
212
239
203
223
215
190
200
213
237
185
191
188
185
171
162
203
195
230
174
196
192
226
207
181
209
208
211
198
197
191
237
230
230
231
211
217
216
230
225
201
198
201
190
209
226
189
168
204
232
196
188
210
214
207
222
185
192
225
200
230
190
173
183
181
191
164
203
191
201
215
192
206
186
197
198
193
182
225
197
193
208
184
197
214
216
201
241
212
202
197
221
195
236
199
214
223
235
276
259
224
219
200
188
237
214
220
227
187
195
198
221
231
232
230
243
207
217
200
232
247
203
217
220
259
211
277
258
212
160
201
193
172
157
176
188
169
182
151
167
177
206
236
161
186
197
200
195
201
170
194
182
192
171
164
193
168
167
141
193
162
158
183
195
140
150
161
167
228
253
180
171
170
152
213
175
140
175
221
180
165
195
213
203
234
199
168
176
170
176
191
187
179
194
177
216
219
162
191
158
178
156
195
194
181
160
170
168
202
187
229
198
158
169
178
158
129
154
156
151
141
213
179
203
151
188
160
172
160
138
127
153
135
152
145
147
139
171
177
124
160
149
132
166
139
148
135
111
133
141
125
139
143
163
172
193
181
189
166
160
178
176
164
135
148
168
165
131
130
106
107
160
121
131
135
118
116
122
177
110
88
130
106
179
160
110
124
111
107
111
104
125
125
114
117
94
130
100
99
103
100
120
112
145
168
136
101
99
91
114
123
102
92
121
101
118
71
95
114
109
102
130
134
117
125
122
125
115
109
108
108
114
123
136
161
115
118
110
107
101
128
115
110
149
117
96
115
118
108
130
104
115
134
120
151
133
112
103
120
127
115
97
141
126
98
124
117
120
104
112
114
126
117
133
133
111
105
109
119
173
130
127
115
120
116
115
108
117
113
124
131
125
139
119
119
175
98
114
111
125
126
138
129
130
105
120
124
128
132
127
175
165
142
123
125
159
178
148
110
113
120
147
111
115
132
114
112
127
137
151
187
149
140
130
141
79
133
150
145
169
203
128
116
157
152
151
189
153
165
184
124
171
129
160
168
194
148
172
156
178
223
164
189
165
178
169
177
166
165
166
152
165
160
156
147
163
186
148
162
204
170
158
187
152
170
169
171
188
223
164
161
191
170
156
154
155
153
162
180
178
177
157
185
188
205
178
223
175
177
177
157
186
207
209
199
192
218
192
175
166
180
180
177
185
170
222
182
203
232
233
228
238
222
211
236
211
200
204
206
186
222
194
217
204
220
184
187
210
193
189
173
154
282
238
203
208
218
214
201
270
211
234
225
222
227
227
220
219
247
235
227
241
186
216
185
197
203
192
217
217
236
202
206
196
218
202
188
227
210
217
219
230
222
222
243
212
211
194
198
191
208
159
169
198
210
198
188
211
197
238
211
213
217
157
203
185
200
222
246
235
258
239
211
256
220
223
239
247
237
236
234
239
256
228
194
227
227
270
248
248
226
224
213
207
227
203
213
200
201
191
187
184
170
209
196
217
209
227
193
232
222
204
206
208
201
182
234
204
222
217
209
235
192
193
233
359
389
340
405
414
197
255
417
410
296
369
427
406
324
285
269
325
336
215
211
372
358
351
201
337
272
285
297
262
234
299
310
277
289
289
291
293
286
300
276
326
302
292
326
335
300
324
307
321
294
292
247
270
287
279
290
260
302
282
281
303
297
313
288
287
293
259
255
225
250
243
223
219
228
239
214
256
207
241
220
219
226
216
178
176
168
228
228
232
216
251
283
242
226
220
231
196
199
229
205
204
206
209
216
229
183
226
196
195
206
245
171
210
194
187
185
206
223
195
172
189
196
199
249
286
273
235
263
258
268
251
291
290
289
283
293
257
305
261
249
240
265
231
209
221
246
211
228
247
218
215
237
227
251
236
220
217
215
229
230
217
232
211
214
229
268
244
219
210
248
243
225
233
249
249
220
227
242
258
237
251
243
229
268
231
231
250
266
275
232
255
260
237
235
249
250
205
241
212
266
248
245
264
227
241
258
272
277
231
241
259
230
229
255
211
264
260
233
248
275
232
231
254
227
249
244
213
198
217
224
263
218
266
227
250
243
277
265
235
256
253
263
232
202
268
244
229
261
224
240
202
262
256
260
243
225
249
266
282
265
259
254
251
255
270
266
223
247
271
266
268
281
285
289
274
268
222
234
236
251
237
236
241
243
287
260
238
249
274
281
270
236
182
217
227
266
263
227
244
266
290
248
268
229
242
242
233
263
252
289
281
272
250
244
258
266
281
259
265
239
309
292
277
269
314
299
274
274
223
347
298
279
286
318
272
299
266
287
253
232
241
268
271
252
211
242
210
253
238
236
252
240
226
212
243
223
240
231
261
234
221
221
208
220
295
225
227
226
229
242
253
219
232
211
221
218
215
222
213
199
237
223
232
200
219
210
203
193
208
195
192
281
348
184
227
198
205
210
207
171
210
268
314
239
217
223
180
187
162
199
194
175
184
194
200
173
174
167
163
261
219
170
172
149
179
186
164
178
169
170
158
182
184
185
168
176
145
162
162
159
183
170
151
183
149
194
192
269
169
167
167
157
157
154
184
190
157
155
153
153
164
136
169
177
190
187
302
186
213
179
188
185
211
143
123
141
147
131
147
151
135
162
148
141
157
151
167
147
127
142
149
135
115
137
125
151
136
139
149
174
162
148
152
163
141
138
143
122
142
170
154
160
143
150
154
151
131
154
156
156
141
163
164
177
212
128
148
132
147
147
149
144
127
135
132
143
136
133
125
127
119
143
128
150
119
118
122
122
140
131
129
124
126
131
126
124
136
143
96
135
141
130
132
128
123
125
128
139
142
136
132
144
132
120
130
145
123
136
147
108
129
135
119
125
147
131
128
132
144
141
134
130
148
123
142
116
140
146
171
137
146
141
139
142
153
120
133
138
132
135
130
118
142
117
136
133
125
131
114
135
125
116
136
129
125
131
141
117
103
130
150
164
156
158
149
149
189
158
151
153
157
164
192
155
167
166
154
186
170
166
170
156
181
168
181
180
178
138
163
195
164
154
171
159
191
142
143
164
162
172
152
157
168
141
137
167
176
182
169
174
199
212
143
160
176
157
163
189
178
155
130
172
128
140
161
180
189
166
196
155
158
168
183
176
180
193
167
154
156
168
181
155
192
147
161
199
180
172
173
158
155
142
163
147
133
110
127
120
134
142
142
159
153
167
153
149
151
155
149
134
133
131
162
155
147
140
146
135
145
150
136
158
143
141
162
173
138
155
149
135
152
165
190
157
186
163
166
180
199
172
172
177
144
178
211
194
257
181
231
214
201
367
387
404
375
352
408
314
216
201
197
192
231
215
214
233
212
226
212
236
237
222
215
228
245
203
234
211
226
216
253
255
232
251
232
219
226
214
212
234
283
235
246
251
243
261
270
252
261
172
258
234
224
218
256
205
225
222
172
201
263
205
212
187
183
234
227
221
205
212
271
229
267
212
178
246
261
278
241
310
260
270
317
250
238
257
261
289
307
311
320
309
299
316
327
318
314
267
288
281
239
240
261
303
250
249
237
272
262
252
254
256
247
236
308
270
212
209
244
225
269
221
251
260
279
263
288
243
299
277
305
202
256
312
324
287
281
289
228
253
270
262
244
256
254
282
252
230
260
295
250
256
237
260
233
229
230
262
271
264
255
234
293
257
226
314
265
271
241
266
241
248
267
230
275
252
255
266
225
239
247
233
238
253
241
276
255
247
257
212
314
229
217
210
201
272
227
229
232
252
258
216
222
251
227
271
252
230
231
245
275
272
287
289
249
260
263
267
252
262
275
259
261
313
277
272
283
258
329
277
329
265
251
244
204
245
252
249
224
240
232
247
242
264
251
232
225
262
279
236
254
246
218
262
221
238
249
227
216
224
217
249
196
271
207
251
237
225
232
201
194
256
219
199
215
241
269
276
245
252
256
255
259
196
235
215
221
229
259
256
258
301
289
256
213
278
259
254
276
253
240
285
249
230
278
226
266
249
274
244
277
312
250
249
295
320
261
298
268
316
306
246
282
280
229
247
273
266
283
262
246
264
264
278
241
287
262
278
269
270
227
294
247
272
258
241
264
268
278
239
247
298
287
256
276
210
236
251
258
299
281
299
320
305
278
270
155
391
289
299
261
267
250
253
283
288
253
230
247
233
276
252
272
252
270
249
233
252
251
234
277
230
256
292
279
323
276
286
259
252
269
285
286
285
283
242
283
283
304
263
268
288
288
294
256
263
300
284
270
271
232
261
302
255
234
253
232
251
263
285
279
241
223
253
321
295
234
290
290
270
275
247
279
260
265
247
264
252
273
248
255
276
286
320
267
263
217
257
246
242
259
258
250
286
295
263
274
247
284
254
237
232
277
239
248
241
318
253
274
256
237
240
236
263
301
292
251
237
256
289
272
259
263
222
241
209
229
217
264
200
218
218
225
185
263
246
230
209
235
252
241
243
251
256
218
209
228
225
252
249
208
236
254
223
266
215
218
217
220
243
210
229
222
197
187
193
185
184
226
232
203
170
203
186
208
259
175
205
194
179
174
170
177
160
171
174
174
199
179
196
202
168
161
173
190
185
205
188
192
185
169
154
173
163
171
163
167
163
173
165
172
172
149
145
154
151
180
171
155
213
191
167
150
164
192
186
202
197
193
168
178
157
164
115
166
177
144
128
143
142
164
187
157
134
156
162
133
137
126
139
130
137
153
120
125
144
178
136
142
133
122
123
133
129
140
129
130
135
154
163
139
131
150
155
133
165
146
151
141
141
114
122
132
133
179
122
147
133
115
113
116
134
153
141
132
145
123
125
126
112
110
117
143
157
127
129
135
150
129
140
148
105
131
127
155
134
153
195
126
146
130
141
119
170
140
135
143
153
151
142
146
137
149
136
144
138
138
133
148
185
118
123
135
153
151
133
120
145
156
132
144
137
117
179
133
132
134
163
145
144
139
141
149
133
163
150
155
146
149
173
147
149
153
179
138
150
125
147
138
145
138
166
152
164
148
190
179
164
205
170
148
157
147
148
159
146
152
183
163
182
144
166
166
167
193
212
176
170
186
174
185
175
200
189
168
252
198
206
197
220
227
206
195
197
208
169
172
165
164
172
200
188
185
180
179
159
197
186
183
205
210
200
205
199
217
205
191
203
183
214
173
217
213
214
232
223
194
211
218
208
213
215
206
168
240
191
195
183
210
233
194
208
214
196
187
214
179
177
241
181
196
205
217
190
197
201
197
231
244
221
224
170
191
190
292
244
221
221
243
218
235
234
222
217
292
251
207
227
215
223
194
227
179
201
209
220
227
209
177
189
249
240
239
251
266
221
208
233
310
378
345
402
418
399
386
230
265
248
221
254
222
232
235
202
192
215
190
199
190
212
238
215
220
190
221
227
250
205
234
207
185
225
211
164
209
204
187
227
199
192
231
210
209
234
230
215
218
249
210
244
239
239
240
225
209
214
220
237
185
206
212
192
198
219
212
218
189
227
263
219
216
211
214
228
213
219
225
262
290
222
239
285
228
279
224
231
220
233
221
246
208
226
217
201
217
175
223
238
254
194
225
211
245
226
216
212
227
218
241
253
261
276
240
232
271
264
264
249
242
241
243
226
255
336
248
242
254
236
259
240
247
243
268
237
226
243
265
232
223
227
241
202
245
241
268
144
333
252
247
225
244
275
212
237
250
197
219
206
204
182
172
211
230
217
218
212
241
228
217
237
223
309
227
240
225
247
241
229
228
223
215
237
254
220
229
215
202
228
217
174
239
284
199
271
245
186
205
287
237
234
251
245
223
208
212
219
221
225
207
208
210
201
175
183
208
238
235
161
242
261
233
263
219
215
152
199
221
238
229
214
228
228
225
193
204
233
312
231
230
226
212
218
223
209
196
210
196
201
230
197
225
252
227
211
268
257
209
207
265
200
232
231
195
182
206
186
196
211
185
160
233
208
226
208
202
220
227
247
190
232
204
218
240
229
233
220
182
236
233
234
220
231
206
221
213
221
169
166
165
241
234
227
271
239
242
224
248
266
252
232
231
245
229
253
289
249
268
225
257
241
245
258
228
263
207
246
248
252
264
249
284
251
281
226
199
247
220
239
240
189
322
219
240
241
231
239
234
183
300
244
231
255
252
263
230
222
207
201
263
250
235
236
263
274
243
241
270
256
261
256
284
271
235
227
229
165
350
279
242
234
274
260
285
254
209
280
233
272
281
257
283
288
320
223
241
259
247
253
264
270
252
267
292
266
272
252
267
258
276
292
262
274
263
273
265
240
257
266
240
289
244
251
241
270
306
254
273
390
299
244
260
294
296
266
234
307
303
236
227
272
277
257
239
243
303
362
279
238
252
298
395
343
370
234
276
243
260
232
247
200
224
247
267
631
447
506
469
383
299
245
244
230
204
218
200
224
233
211
562
319
254
509
371
241
229
248
606
253
210
227
240
570
342
236
273
260
242
248
233
217
203
221
194
215
215
188
209
200
183
184
202
202
219
186
192
174
189
177
195
191
170
221
164
168
177
176
170
224
176
166
188
188
188
208
187
200
201
185
183
175
189
180
163
174
164
165
173
150
161
187
170
174
196
174
170
194
180
198
176
160
188
157
161
168
158
151
164
174
189
164
186
191
210
187
204
187
187
204
241
188
203
182
141
116
155
136
135
139
144
163
134
169
136
146
147
149
171
155
151
150
143
153
156
150
142
147
142
159
126
147
132
145
133
143
149
123
147
158
142
137
146
162
144
137
141
154
154
144
148
140
157
161
131
137
141
131
129
137
128
137
145
180
137
147
128
135
145
108
120
154
133
100
114
117
106
110
141
146
161
111
143
160
127
142
141
128
144
130
133
145
142
153
133
152
135
153
160
138
129
127
128
121
167
139
137
150
166
129
139
164
148
153
159
180
120
175
151
147
209
141
143
156
140
145
158
145
153
140
148
154
165
179
133
136
136
138
140
126
129
134
118
152
126
129
129
116
126
122
139
129
132
127
109
114
152
131
155
153
141
134
139
154
161
154
145
125
124
182
143
122
126
146
129
128
152
143
144
147
140
139
157
140
151
174
200
189
161
151
202
168
170
159
137
199
203
163
167
197
198
208
182
199
192
171
164
152
182
181
181
178
166
142
143
154
199
244
163
157
165
177
207
163
179
174
219
205
153
155
153
151
189
163
176
147
171
157
188
141
116
142
178
198
163
132
145
153
150
171
170
136
179
137
133
156
171
150
168
160
173
207
169
165
160
228
164
158
168
156
206
183
155
154
172
150
167
181
160
153
177
177
166
173
192
185
192
204
186
183
193
249
224
220
228
210
189
195
203
209
223
200
219
198
196
235
243
195
189
193
233
224
192
184
170
205
149
169
213
176
239
174
159
175
177
185
198
185
217
196
197
180
193
194
234
201
201
164
196
165
152
167
148
155
118
162
192
178
155
150
169
174
197
182
177
229
202
165
167
158
144
198
205
197
175
220
180
190
221
203
241
204
199
178
182
162
163
189
202
252
274
245
240
188
201
201
159
238
234
219
242
247
275
236
261
296
245
242
262
255
224
250
212
252
35
49
53
111
194
220
203
225
233
257
226
226
201
233
218
248
250
222
257
254
233
264
249
236
287
231
227
245
258
293
257
264
195
244
240
239
224
232
201
223
225
209
225
222
206
224
231
193
197
197
206
208
221
241
238
222
244
218
213
217
202
214
216
280
216
227
219
216
202
212
179
212
195
200
187
199
186
216
224
229
214
211
232
204
231
199
172
161
209
209
192
187
178
199
186
205
182
216
198
193
185
234
214
212
212
218
222
247
260
234
212
172
256
160
216
241
203
222
223
252
206
221
255
212
199
167
212
221
230
195
185
219
191
213
198
190
207
229
204
190
230
225
193
212
222
194
228
203
236
200
202
210
221
209
241
218
227
190
225
240
246
255
193
201
220
190
233
221
218
218
214
200
202
246
211
181
208
186
228
216
199
188
224
191
210
237
191
216
217
201
173
179
240
200
197
234
247
213
214
208
188
169
231
200
234
198
200
210
195
197
185
270
176
215
196
209
203
199
219
214
216
217
216
193
171
225
230
245
265
253
230
223
238
233
238
229
243
176
191
236
214
218
200
311
219
205
210
232
218
225
241
235
263
257
237
241
285
275
247
179
155
127
212
261
226
231
182
233
227
245
226
252
236
270
231
207
225
277
223
278
330
278
243
237
289
228
249
232
182
210
193
224
233
231
212
233
272
250
236
229
208
200
236
224
243
276
263
239
232
234
219
215
243
225
269
264
251
250
227
238
200
231
219
222
223
211
219
227
260
227
251
271
248
250
242
276
241
239
275
264
252
560
422
237
285
297
260
243
288
242
254
275
286
250
259
299
280
305
273
225
170
273
232
213
186
193
238
223
220
231
213
203
259
220
142
223
223
180
211
188
195
222
199
182
198
205
210
192
193
250
213
245
192
187
230
213
192
175
199
208
208
184
180
160
167
189
209
179
172
165
166
164
179
159
160
165
165
152
173
169
189
178
182
205
202
188
193
196
193
179
163
163
169
184
161
159
160
179
149
153
178
188
186
154
177
187
171
180
172
178
184
162
155
171
156
171
161
216
179
170
196
193
184
182
164
168
168
182
178
150
177
152
160
212
175
172
149
184
187
204
230
222
197
226
203
183
175
152
180
150
180
144
188
144
195
168
143
161
155
154
137
125
151
154
152
150
154
144
136
156
146
179
141
128
159
167
175
139
159
141
158
157
120
146
157
152
122
152
191
144
193
152
141
157
155
147
162
136
151
160
139
89
131
187
137
131
145
129
148
153
132
156
140
154
155
197
161
147
154
143
125
135
151
137
149
153
145
136
197
155
145
151
169
135
150
154
158
167
157
161
137
134
141
157
139
147
143
155
146
153
183
177
164
204
179
148
128
163
147
169
173
180
139
165
185
183
149
174
164
170
165
161
169
181
151
173
152
153
172
180
142
177
169
148
160
191
181
193
187
175
136
170
184
160
179
167
160
159
149
169
200
155
191
185
167
178
169
161
183
199
180
148
194
180
174
194
176
206
173
188
196
166
175
169
176
198
229
195
199
241
171
185
227
161
210
195
291
192
206
232
205
245
226
208
246
241
234
208
202
197
191
245
221
191
212
242
223
200
225
220
226
194
185
206
194
189
206
234
218
187
210
174
226
236
197
278
244
220
213
238
233
213
208
215
213
244
266
202
231
232
209
237
222
216
230
234
204
231
238
209
227
232
259
205
206
217
244
233
227
213
218
241
225
193
230
261
221
229
230
210
103
163
409
239
262
367
233
251
239
215
257
232
235
224
251
224
200
255
208
248
215
229
248
205
235
236
220
227
251
220
388
393
392
388
354
386
311
238
245
249
221
220
217
262
225
280
244
239
261
237
232
224
236
214
225
221
228
216
248
204
219
218
215
218
238
207
223
217
232
218
231
208
227
243
215
233
216
214
247
248
221
260
260
232
259
211
224
252
229
254
227
219
227
212
200
240
236
216
243
251
220
201
260
218
229
257
205
257
243
200
246
247
257
228
224
227
239
241
230
231
229
237
219
258
299
240
266
246
242
244
237
253
244
219
233
218
234
209
229
225
223
269
254
215
270
229
222
244
230
236
250
233
239
228
198
226
221
241
214
244
217
224
223
300
279
265
248
204
240
240
241
231
237
304
235
235
218
226
233
232
228
246
261
244
247
254
280
243
206
240
220
228
239
260
220
236
202
362
323
244
249
262
219
231
202
241
253
249
226
211
220
230
232
234
242
211
183
214
231
247
207
207
233
246
328
343
244
222
252
256
246
237
220
222
210
242
197
216
213
225
237
213
240
235
233
255
228
210
257
261
192
236
227
217
211
230
221
227
246
226
202
211
209
224
225
224
210
234
227
232
308
221
253
213
184
216
229
193
223
233
210
263
356
252
209
218
203
222
216
236
226
224
239
267
266
230
323
289
291
271
255
258
229
213
225
240
221
248
247
237
233
272
260
268
217
216
326
328
260
207
205
238
206
245
214
269
242
264
239
292
306
249
374
432
326
240
217
228
222
206
222
228
244
248
245
219
249
321
265
273
253
234
268
243
246
230
254
221
268
288
317
263
244
234
220
242
244
261
273
264
242
246
241
267
256
280
260
254
250
253
227
249
275
219
200
279
215
286
278
246
262
206
226
244
252
258
221
271
245
284
249
260
321
308
281
294
261
239
242
276
267
266
239
273
257
275
318
295
306
252
269
255
290
238
251
258
245
262
258
259
352
336
287
276
280
247
277
249
274
261
266
269
254
242
245
333
337
262
254
235
251
277
310
302
306
236
217
240
261
265
271
293
308
313
312
302
305
300
276
308
260
268
288
269
261
257
270
257
241
272
273
297
283
313
281
275
227
235
233
244
264
233
264
248
249
265
256
235
261
235
262
221
237
289
285
254
268
245
235
228
231
256
233
219
233
195
229
270
299
283
263
255
237
190
197
184
196
193
225
230
214
231
270
257
274
252
230
229
232
191
237
245
207
208
226
206
210
211
210
204
226
217
194
200
204
183
185
187
196
135
178
167
170
173
162
167
180
195
213
226
186
178
180
187
200
206
185
203
203
235
234
239
198
167
165
170
179
157
148
149
136
175
183
203
158
142
145
192
162
168
166
145
162
178
205
191
163
151
154
148
176
170
146
181
168
161
141
156
175
180
197
141
153
150
159
154
177
190
189
210
147
149
184
173
171
157
160
153
124
185
177
171
167
139
145
144
130
127
109
97
123
122
111
146
157
166
126
119
127
109
96
122
118
139
166
170
192
153
138
133
138
148
169
202
180
195
179
136
140
141
149
157
136
87
171
158
160
157
170
166
156
169
149
148
199
137
184
196
163
185
157
160
160
182
184
179
162
129
139
126
154
140
176
182
164
144
145
137
133
148
142
145
151
153
192
189
182
208
159
170
143
151
148
153
147
143
185
216
222
178
151
154
172
178
176
155
167
139
133
138
127
159
148
159
118
131
109
117
120
101
122
122
132
113
143
141
137
122
114
104
141
152
150
166
112
132
124
132
122
130
176
135
146
151
146
140
167
147
165
160
172
143
170
148
173
135
145
157
178
168
162
179
152
183
167
192
195
150
177
166
193
198
170
158
175
242
190
166
208
189
262
221
226
212
224
183
174
174
207
172
160
177
211
197
191
192
175
184
178
209
224
170
174
209
179
195
173
182
181
184
191
227
219
200
213
215
206
195
220
210
180
209
212
228
239
217
204
192
231
235
219
200
231
263
221
222
219
207
230
206
222
251
235
192
257
234
230
222
184
213
218
185
212
205
219
242
213
243
206
221
198
242
220
264
204
248
249
248
251
238
249
207
289
260
189
228
220
224
208
249
232
217
242
227
219
209
220
232
227
231
258
235
235
301
220
249
244
251
252
223
261
233
240
265
242
240
240
252
252
232
244
267
235
251
224
253
252
198
216
227
221
242
260
213
259
253
245
210
285
243
234
225
221
218
222
226
267
246
240
242
250
224
232
268
244
227
208
241
222
242
245
248
246
230
215
248
230
237
247
265
252
249
222
275
241
285
219
208
240
227
261
231
229
231
240
245
236
248
247
272
225
226
223
272
263
231
206
224
255
205
265
197
283
217
300
253
263
239
236
270
242
200
226
228
239
231
226
252
236
224
259
223
247
239
248
229
236
244
252
217
216
230
220
223
251
210
256
220
223
252
261
260
210
209
231
205
257
203
225
213
219
232
215
196
219
209
198
262
209
187
240
234
213
246
248
230
220
224
246
245
284
255
213
159
164
156
177
171
147
163
149
143
144
155
170
156
166
145
190
196
152
162
163
150
167
149
157
141
168
158
191
152
167
143
137
143
177
168
134
149
124
171
159
186
206
164
159
162
159
177
162
173
170
174
191
200
184
196
249
205
225
243
203
207
263
180
179
228
214
196
213
199
210
191
199
207
204
237
228
227
211
214
240
203
218
200
189
174
194
202
214
200
232
228
197
233
197
217
229
220
202
208
210
229
203
204
215
255
229
229
229
236
241
202
219
254
240
222
217
206
222
235
237
289
238
207
208
234
215
228
250
192
225
217
202
211
228
223
218
213
238
234
277
248
254
230
257
221
190
197
214
220
251
257
230
230
294
223
224
222
227
249
250
246
233
257
239
213
237
207
213
233
204
242
213
203
199
199
193
203
241
208
232
218
191
217
216
228
206
221
224
215
215
251
239
185
213
219
245
219
232
213
188
223
221
217
236
238
224
236
215
208
191
193
215
194
208
209
247
230
223
216
220
229
204
217
204
201
191
168
185
226
234
207
181
237
227
201
211
222
224
248
243
246
196
226
234
235
230
239
241
260
240
228
233
251
200
264
292
252
263
237
206
220
214
203
206
228
233
261
223
188
244
232
205
221
228
264
238
222
258
260
215
237
252
240
275
262
217
232
227
203
196
238
246
240
223
236
199
209
198
240
219
244
215
220
254
226
211
223
234
242
224
242
262
220
206
226
196
204
209
210
222
221
187
197
225
181
190
196
186
240
171
198
185
183
193
176
189
181
177
203
207
176
180
161
199
194
196
167
189
154
169
167
141
169
164
186
160
182
160
192
184
133
155
179
160
155
133
156
156
177
150
146
131
138
183
159
143
128
150
121
133
166
138
129
137
154
171
137
139
158
155
185
138
163
177
206
165
170
161
164
180
180
180
157
185
138
154
205
160
178
146
172
172
215
196
197
185
194
204
179
218
157
172
142
146
148
159
157
150
167
149
147
144
134
112
164
119
161
145
148
145
164
154
103
133
155
150
162
146
159
153
156
155
158
164
187
141
175
151
158
143
149
152
119
149
133
140
135
168
148
181
143
168
143
157
141
141
132
140
134
118
131
131
135
150
137
139
128
164
142
127
158
128
139
127
140
126
136
145
178
150
132
124
131
132
144
129
128
131
159
153
137
159
155
150
134
162
133
123
135
136
135
134
145
167
162
162
151
140
143
141
148
173
131
139
150
146
142
147
155
123
117
92
109
109
111
151
140
127
112
116
142
139
143
128
138
122
145
141
104
136
117
131
169
145
176
156
123
134
143
103
164
147
139
124
135
127
148
143
133
143
154
154
135
155
143
121
127
158
138
181
155
196
157
145
159
168
162
187
229
196
176
189
192
209
189
183
211
175
172
186
178
172
206
170
175
175
158
189
163
160
177
189
167
173
188
196
179
153
170
200
194
166
167
186
191
171
174
205
211
173
195
186
225
175
180
190
200
203
168
191
171
181
162
136
159
142
225
155
165
166
176
179
180
232
183
187
220
197
196
183
189
198
188
168
178
222
179
189
253
167
190
213
196
181
178
213
206
198
180
177
190
208
213
219
174
203
198
179
166
186
179
177
164
167
181
190
191
194
188
266
356
347
337
365
343
336
261
203
145
186
153
260
207
187
191
191
224
208
192
193
199
217
200
187
210
193
163
173
182
178
195
204
163
174
175
195
200
207
215
218
224
200
187
213
199
208
190
204
232
221
215
206
229
192
187
231
213
202
188
200
195
182
236
173
217
211
224
192
189
192
211
184
182
209
205
182
201
196
212
185
169
196
217
218
191
165
225
217
190
202
218
199
253
206
216
221
235
199
236
193
219
189
207
197
155
190
187
172
181
197
195
194
166
183
158
179
177
198
197
162
201
198
177
206
195
165
201
182
194
187
172
196
204
199
185
207
188
196
198
209
227
195
202
204
190
156
184
201
181
186
176
234
204
206
200
183
208
195
191
235
208
214
171
187
192
190
208
170
192
202
180
193
181
213
192
169
214
222
216
186
209
215
203
221
198
205
194
189
202
190
218
225
190
203
194
209
218
244
227
187
197
186
189
213
179
217
177
165
189
203
227
202
181
198
175
201
182
192
181
203
183
213
190
166
220
181
181
197
195
178
176
172
196
196
162
192
208
193
183
169
196
208
214
182
160
194
187
180
203
207
200
200
174
204
206
226
220
203
221
213
200
207
223
217
201
190
193
218
190
173
205
221
224
226
205
222
231
203
193
208
220
198
213
215
206
232
234
218
186
203
213
203
197
217
231
233
196
176
214
187
215
223
231
223
231
211
201
304
182
201
180
209
210
198
208
238
228
214
220
208
216
213
214
201
212
213
201
187
188
231
324
277
241
209
193
195
200
188
204
221
219
211
192
221
190
185
197
187
197
182
196
221
213
217
209
232
208
232
245
207
221
233
526
223
206
212
220
220
233
219
229
228
221
241
206
244
230
297
376
389
237
254
276
231
254
253
266
243
244
231
252
258
240
223
289
213
205
244
216
228
220
229
226
203
214
238
222
221
255
241
234
214
231
229
246
232
219
203
236
234
230
222
242
226
238
226
255
225
205
268
286
225
234
202
238
224
244
225
261
237
234
220
227
207
244
218
218
239
226
234
211
262
250
353
298
230
219
231
210
224
230
209
200
182
226
209
165
185
186
207
230
209
197
198
204
190
196
201
213
187
200
181
210
192
187
178
186
168
200
190
199
193
180
212
171
229
191
205
205
183
193
217
188
213
251
199
202
195
190
177
194
191
217
287
291
217
188
184
210
195
179
188
170
198
171
178
163
141
194
164
197
177
148
170
177
164
177
196
177
184
161
151
156
188
180
206
179
163
158
142
180
180
173
180
197
190
163
143
143
165
156
153
146
169
180
147
153
137
122
141
139
144
167
141
152
176
183
146
179
164
148
152
149
152
176
163
155
164
139
97
98
103
97
124
123
167
122
148
138
142
140
161
118
122
127
144
151
153
137
132
154
177
141
158
171
127
131
143
132
146
149
269
138
155
117
150
119
143
155
149
170
146
141
142
125
140
115
142
150
145
146
144
115
138
131
150
143
153
82
81
89
91
83
66
157
81
97
73
69
84
83
65
68
83
78
65
76
73
75
69
96
84
60
81
88
61
61
69
71
76
72
68
112
54
61
73
93
78
102
89
84
80
102
111
115
131
142
121
117
142
139
146
160
154
138
144
148
136
149
168
195
124
135
156
139
158
158
159
136
152
133
118
155
147
134
136
146
154
140
139
123
148
147
145
172
165
150
155
164
235
296
260
189
161
216
181
175
151
184
201
170
235
199
191
207
196
194
203
183
187
188
237
159
178
239
207
209
197
187
222
214
201
186
217
197
196
212
219
199
169
154
191
162
189
202
182
212
159
184
201
185
117
108
149
210
184
170
176
146
173
166
183
207
148
208
174
180
177
136
207
172
178
179
172
154
162
166
162
170
219
216
187
168
171
167
213
187
202
196
151
168
171
195
210
182
148
182
177
194
175
159
185
163
190
196
223
174
174
236
182
187
162
185
202
182
222
203
202
219
175
192
175
189
216
194
233
234
192
226
196
188
195
190
178
199
202
186
182
212
195
213
191
202
252
220
199
182
238
214
220
213
227
213
203
209
201
262
197
188
194
193
193
196
196
192
198
224
239
214
197
203
207
219
210
220
184
262
201
224
190
195
220
223
246
226
198
190
213
254
212
202
187
207
224
190
221
171
217
207
194
231
208
229
223
256
222
194
212
208
207
202
208
203
193
205
209
209
206
219
178
180
243
175
201
208
202
195
196
185
203
210
207
205
221
211
213
229
251
243
221
258
232
236
215
204
220
191
200
201
214
180
205
238
209
216
238
211
189
205
215
225
188
205
207
182
222
219
212
269
200
209
216
267
194
216
204
232
238
230
241
178
220
170
181
232
225
189
167
188
217
227
195
203
209
236
216
208
188
178
181
227
187
177
202
222
197
192
166
186
194
175
207
205
202
214
215
231
194
191
228
221
194
181
225
209
171
217
194
180
216
239
226
175
199
227
207
192
193
190
189
202
192
181
213
240
229
184
212
200
232
206
228
196
220
230
203
183
204
198
227
194
206
201
232
251
204
176
202
204
209
193
190
195
209
226
190
202
214
208
190
200
201
237
207
199
200
195
192
193
274
185
201
207
212
233
206
190
183
199
214
177
215
219
221
198
217
212
184
182
206
237
228
212
206
209
211
191
216
192
225
262
231
220
191
233
197
215
199
247
193
215
193
217
189
232
242
201
234
222
237
231
235
231
239
251
213
259
221
209
215
211
274
200
246
241
213
234
249
234
233
206
200
221
219
204
214
241
224
215
265
209
212
199
232
218
244
211
221
234
252
234
242
275
231
229
242
221
239
256
246
234
272
258
231
229
259
267
233
236
213
208
241
243
249
224
239
238
258
221
242
279
257
221
230
274
252
260
288
243
238
239
237
227
211
231
241
241
231
253
215
208
242
255
217
241
242
214
246
232
204
207
208
218
201
198
216
206
182
262
225
279
253
219
231
203
244
255
271
230
226
259
250
270
253
248
263
179
166
279
289
383
360
252
282
238
231
272
265
277
222
256
278
266
208
251
297
248
222
218
244
255
269
234
257
261
186
180
179
204
272
246
231
227
261
268
221
199
229
221
264
254
247
255
240
192
215
215
217
201
170
102
126
288
264
104
191
153
101
148
284
176
160
157
225
371
321
347
300
252
211
186
196
206
231
202
201
209
213
218
211
206
214
239
213
201
201
184
204
223
192
190
201
189
172
171
158
171
192
191
197
191
200
200
214
202
173
169
177
176
196
170
171
165
164
203
183
187
216
182
186
166
172
165
191
174
156
187
226
212
199
226
246
231
220
220
221
204
199
186
165
167
148
179
151
175
171
154
159
173
194
161
168
139
146
139
170
133
134
134
132
148
153
169
97
116
128
145
143
153
141
125
133
124
155
145
149
163
143
169
151
138
157
124
166
142
163
162
137
128
132
165
122
147
136
114
158
146
149
125
134
129
145
137
142
125
153
131
133
152
115
153
148
136
144
139
132
129
170
180
149
162
171
142
132
156
161
156
134
149
159
150
135
132
151
160
158
136
151
148
147
194
152
164
156
190
159
175
155
166
167
154
135
138
141
153
132
169
171
147
124
146
172
130
143
157
152
170
140
141
137
137
129
107
120
133
136
157
135
125
152
164
168
175
152
112
119
132
137
123
117
118
121
121
136
133
156
158
160
159
148
161
154
142
150
150
149
156
186
172
150
160
148
141
171
158
179
183
145
202
188
181
160
197
176
176
174
181
242
183
174
170
179
163
216
464
176
228
211
193
219
219
211
226
203
204
212
212
200
210
173
160
175
171
189
189
168
214
208
200
219
181
217
192
221
195
180
218
219
220
179
204
226
214
206
205
182
226
212
226
203
209
225
247
207
221
186
209
215
221
214
232
233
217
184
194
224
229
226
243
182
202
228
231
180
211
239
231
200
193
202
232
230
225
183
218
253
187
230
224
229
210
247
266
214
214
246
221
218
224
233
253
290
213
227
348
283
249
215
222
224
221
245
219
226
215
222
220
223
233
229
271
400
421
395
410
380
376
377
296
240
237
250
205
222
216
214
237
250
202
206
241
247
230
222
239
235
224
257
235
240
243
224
256
220
249
259
259
215
220
222
232
212
237
238
231
205
223
203
213
222
218
219
207
234
204
230
218
208
252
229
204
259
284
266
273
219
226
217
215
225
210
214
223
212
234
268
328
205
259
262
243
207
226
244
218
248
248
230
219
220
225
244
225
250
228
274
231
268
221
220
236
239
235
226
206
248
233
226
215
204
236
226
253
226
243
259
215
248
234
221
208
204
246
260
247
305
420
246
258
244
265
226
258
246
290
275
260
217
218
243
245
207
216
214
300
257
213
227
238
316
342
209
225
213
274
210
233
249
200
244
258
277
223
220
241
244
223
241
358
292
233
255
212
179
155
181
248
226
143
222
172
184
176
256
355
250
218
219
247
257
255
236
236
231
245
262
239
264
248
258
287
230
251
299
308
270
237
409
473
467
368
341
349
372
362
338
276
309
312
338
384
347
263
297
321
261
357
488
408
350
350
333
384
422
325
356
291
325
325
291
381
375
350
290
353
320
333
362
298
340
339
411
353
318
309
340
400
356
358
341
336
318
322
285
344
356
396
348
352
372
281
360
365
327
212
221
217
213
230
229
195
213
240
233
240
213
217
206
222
233
246
229
245
218
243
272
215
229
231
238
240
220
226
213
215
203
199
199
203
273
225
233
200
243
262
239
214
186
239
233
214
246
240
241
236
249
224
214
209
251
220
216
205
212
234
225
206
247
226
207
220
213
227
218
214
195
225
242
235
218
210
240
207
215
204
226
198
222
211
226
194
192
220
206
231
203
228
245
230
241
182
225
227
229
229
221
240
205
231
218
219
216
218
181
204
224
205
203
224
236
231
210
206
244
234
245
195
226
219
234
227
219
216
239
246
236
246
201
255
241
225
257
231
274
234
222
212
269
282
241
276
255
227
252
213
260
259
230
213
210
197
257
213
233
253
298
242
204
243
232
266
239
241
261
256
221
242
218
250
247
238
286
216
240
223
261
276
302
245
234
245
250
251
240
239
237
257
220
234
232
253
288
241
267
241
201
225
214
231
204
245
241
205
229
210
243
236
229
236
225
197
253
235
220
207
221
245
212
250
214
216
247
263
238
244
205
205
210
235
256
231
220
246
247
225
213
186
188
200
196
225
231
201
219
187
213
206
121
128
237
289
166
243
277
197
193
230
196
197
183
195
187
191
201
190
176
228
167
204
177
182
187
225
199
190
198
177
187
200
201
164
192
193
242
173
206
191
212
170
185
173
181
224
209
219
201
234
206
168
203
218
177
189
187
136
148
149
141
118
128
151
153
153
140
194
132
151
143
112
122
140
208
131
135
105
100
133
102
117
150
120
132
130
121
114
116
147
132
89
102
116
124
108
104
142
104
97
125
107
118
118
118
93
148
142
