154
438
1086
526
540
1505
1656
1385
1013
928
893
909
1516
1485
1297
1213
1217
1177
1116
1140
1190
997
935
1094
869
803
841
1002
1112
1063
761
640
812
826
647
743
642
927
1071
1114
1001
925
758
757
673
709
608
680
597
603
648
657
660
666
694
743
704
929
747
742
728
889
770
911
964
922
952
1000
923
1058
938
896
1035
930
1040
1032
1025
1010
975
994
1023
993
1004
1041
968
913
1011
905
843
793
893
1026
963
1072
999
1060
1133
1236
1314
1131
1151
941
862
783
813
828
723
789
963
1084
1061
1118
1215
1065
1196
984
1105
1166
1010
674
1144
943
1215
1063
1146
1079
1064
1255
1219
1211
1200
1291
1309
1284
1169
1392
1412
1287
1435
1358
1279
1279
1319
1566
1212
1425
1401
1293
1360
1567
1409
1480
1206
1392
1295
1412
1362
1372
1342
1241
1320
1422
1328
1430
1528
1571
1620
1451
1158
1120
1223
1165
1028
1071
1076
1051
1003
1067
814
873
845
766
980
1024
818
805
855
881
832
802
786
864
758
770
714
745
801
859
806
845
856
702
811
728
699
903
854
784
807
801
757
865
737
822
905
880
882
892
905
973
978
1088
1130
1042
1065
1118
1104
1116
1143
1153
1145
1228
1297
1258
1225
1178
1139
1200
1295
1327
1304
1315
1268
1233
1256
1301
1210
1009
1127
1174
1153
1210
1065
694
654
618
1571
2000
1577
1149
1465
1198
1125
1152
1152
1106
1131
1211
1158
1124
1236
1125
1132
1077
1112
1131
1125
1118
1194
1469
1348
1245
1206
1186
1341
1116
1260
1236
1305
1306
1261
1259
1358
1311
1239
1251
1170
1293
1223
1322
1202
1211
1248
1270
1289
1326
1447
1390
1440
1475
1290
1338
1513
1342
1298
1319
1237
1244
1245
1241
1350
1456
1324
1231
1267
1454
1254
1345
1258
1162
1282
1267
1148
1052
943
904
899
919
954
852
895
1123
1058
868
700
764
878
674
621
668
609
754
626
532
542
475
492
544
706
614
643
641
716
897
887
919
748
830
795
824
829
771
800
840
877
893
899
547
569
498
518
534
521
535
662
759
936
903
997
1040
1067
1025
1015
1073
1100
1093
1909
1278
1149
1076
1084
931
1145
999
1071
1029
866
887
874
850
915
1107
1109
1017
1094
1035
1011
994
1075
1009
1066
996
1113
891
986
964
1058
1015
1020
1063
1180
1032
1075
990
1043
1017
1035
976
1080
1030
1113
1082
1066
1070
1117
1162
1105
1143
1091
1183
1154
1008
1103
1159
1152
1226
1150
1102
1161
1139
1048
1093
1071
1119
1183
1170
1290
1200
1166
1264
1196
1336
1085
969
1022
1069
999
956
906
1086
950
1066
1071
1029
1055
994
1013
972
869
997
807
841
837
751
811
985
888
721
713
688
730
641
598
705
620
586
578
680
633
696
660
628
696
666
646
640
659
726
638
702
686
695
734
799
765
641
833
720
856
902
858
966
986
915
907
952
961
977
890
1023
1009
1097
1034
1023
1277
1179
1133
1108
1147
1235
1236
1295
1100
1184
1155
1218
1172
1052
1150
1091
1292
1284
1347
1269
1266
1161
1049
1200
1129
1217
1515
1844
2123
1627
1679
1524
1632
1639
1728
1639
1559
1643
1494
1271
1282
1097
1259
1308
1164
1165
1120
1122
1159
1449
1575
1452
1287
1278
1261
1240
1297
1330
1317
1334
1418
1364
1319
1431
1329
1360
1342
1246
1362
1420
1333
1324
1393
1443
1420
1534
1367
1367
1489
1275
1411
1358
1485
1460
1558
1590
1612
1453
1351
1330
1276
1281
1321
1276
1191
1218
1121
1361
1163
1261
1046
968
1102
943
967
912
934
1059
922
870
1163
983
795
814
825
749
844
798
841
825
947
793
760
721
732
713
727
720
712
738
731
713
766
739
824
760
724
706
718
681
877
866
931
946
954
926
892
868
949
982
901
890
941
984
926
964
859
696
857
807
815
806
845
874
973
966
1192
1916
1522
1210
1251
1255
1304
1234
1407
1333
1311
1193
1126
1300
1306
1559
1486
1723
1652
1431
1392
1437
1302
1485
1492
1585
1417
1477
1367
1403
1475
1426
1399
1337
1420
1290
1337
1320
1392
1500
1454
1543
1601
1306
1359
1381
1324
1287
1290
1239
1310
1394
1265
1466
1450
1414
1452
1544
1614
1448
1459
1482
1475
1420
1491
1451
1533
1604
1469
1401
1397
1432
1563
1520
1564
1561
1471
1423
1424
1563
1479
1434
1543
1374
1496
1408
1477
1381
1489
1430
1254
1261
1281
1305
1290
1311
1228
1070
1128
1126
966
1034
978
996
935
912
897
981
1057
879
829
843
751
803
721
758
812
821
752
683
777
669
767
735
831
786
798
797
795
755
775
802
801
827
882
783
869
975
846
916
1002
1043
1110
1164
955
1032
1065
1136
1079
1214
1144
1124
1166
1077
1139
1202
1205
1276
1308
1180
1154
1286
1513
2064
1348
1184
1149
1243
1146
1112
1217
1254
1282
1163
1147
1242
1262
1415
1288
1209
1214
1247
1307
1447
1336
1466
1396
1315
1276
1372
1355
1063
1244
1319
1328
1264
1217
1344
1245
1262
1196
1148
1266
1151
1240
1310
1194
1151
1319
1257
1123
1114
1212
1204
1237
1246
1068
1342
1349
1410
1376
1341
1449
1273
1350
1321
1363
1274
1418
1448
1381
1437
1427
1493
1437
1492
1486
1461
1433
1583
1567
1470
1433
1613
1752
1298
2348
1640
1197
2151
1673
1777
1336
1139
1094
1083
1042
1008
1012
1076
985
921
1007
999
876
1007
1083
1041
774
827
859
829
779
787
818
810
812
744
827
726
636
760
769
791
821
748
791
865
896
825
842
802
726
694
690
798
821
783
755
816
942
933
991
1077
951
895
1020
1061
908
926
866
836
843
909
1036
951
917
919
1056
1160
1152
1159
1188
1068
1047
995
1096
1102
868
905
1004
973
1082
1167
965
1339
1129
1357
1438
1048
789
1284
1280
1383
1382
1393
1241
1218
1135
1265
1195
1288
1108
1126
1227
1065
1068
1097
1210
1252
1186
1279
1142
1112
1150
1162
1179
1242
1261
1177
1183
1155
1133
1174
1128
1181
1148
1161
1119
1190
1259
1315
1181
1284
1244
1402
1103
1262
1322
1329
1540
1228
1225
1318
1348
1263
1406
1245
1249
1398
1432
1940
1431
1532
1350
1204
1245
1104
1077
1188
1174
1098
1009
951
890
979
1107
948
889
987
982
909
1044
975
918
998
1187
951
942
834
824
844
845
813
855
879
831
766
786
895
774
813
896
855
823
834
969
866
927
929
901
913
1006
936
907
973
989
1002
1013
1074
1109
1208
1222
1219
1221
1214
1078
1136
1309
1221
1278
1231
1257
1253
1245
1281
1232
1488
1302
1258
1268
1334
2102
1452
1346
1316
1242
1227
1228
1244
1296
1339
1304
1243
1269
1309
1324
1291
1345
1382
1310
1258
1338
1331
1243
1265
1418
1381
1295
1363
1318
1279
1571
1289
1257
1201
1313
1498
1270
1199
1311
1302
1226
1205
1246
1337
1200
1414
1218
1447
1530
1246
1395
1493
1218
1443
1801
1232
1327
1495
1344
1501
1382
1401
1438
1326
1419
1316
1490
1550
1440
1605
1445
1427
1668
1451
1562
1444
1484
1577
1668
1529
1442
1604
1331
1418
1353
1467
1291
1372
1324
1146
1395
1259
1186
1174
1074
941
1015
1064
1157
1073
879
933
907
987
888
904
913
1015
901
891
826
642
775
646
898
894
890
775
910
908
948
932
841
819
842
1012
816
1032
929
790
715
664
719
768
723
820
891
846
936
967
986
1089
1237
1011
1043
1079
1017
1087
1149
1161
1211
1268
1194
1301
1182
1189
1234
1332
1380
1213
1278
1262
1381
1355
1371
1377
1300
1276
1388
1265
1344
1347
1292
1305
1363
1355
1309
1354
1374
1252
1394
1381
1264
1314
1347
1255
1288
1327
1223
1198
1205
1298
1377
944
827
934
901
854
882
836
968
925
1042
1246
1172
1125
1217
1193
1093
1179
1206
1214
1275
1274
1306
1245
1194
1228
1405
1180
1374
1307
1306
1237
1107
1205
1217
1224
1241
1233
1188
1181
1217
1097
1173
1218
1282
1343
1313
1381
1198
1260
1305
1352
1324
1257
1189
1295
1274
1238
1168
1094
1073
1024
1043
997
918
947
869
832
849
763
832
891
967
947
944
1054
1048
849
822
779
785
856
903
858
758
876
804
723
816
746
802
750
785
826
731
868
821
809
633
700
759
712
840
760
751
794
788
905
1015
1058
1027
997
960
997
977
1039
1064
1046
918
950
1065
1086
1044
1130
1074
1108
1032
964
1220
1924
1105
1120
1121
1018
1024
1103
1150
1188
1153
1089
1178
1061
1106
1092
1115
1196
1202
1055
1050
962
1057
1051
1064
1081
1143
1007
1131
1147
1063
1033
1133
1145
1105
1132
1176
1106
1069
1055
1088
1039
1032
1038
1050
1084
1113
1172
1155
1123
1196
1158
1199
1174
1124
1241
1183
1198
1193
1120
1392
1080
1171
1057
1203
1239
1528
1241
1375
1624
1394
1392
1237
1227
1288
1266
1272
1310
1315
1328
1255
1243
1519
1226
1093
1134
1102
1097
1018
1062
1117
1174
1080
1294
1050
941
976
977
952
941
1021
853
877
786
893
871
862
593
793
755
831
817
916
766
828
763
747
656
534
435
407
432
391
429
440
551
732
814
867
814
793
797
777
912
1269
989
1116
1086
1123
1122
1159
976
1050
874
940
1022
961
936
1048
1040
1006
983
986
1102
1040
1087
1171
1111
1054
1147
1190
1196
1140
1097
1200
1199
1163
1176
1194
1121
1258
1158
1124
1141
1087
1131
1254
1302
1131
1165
1175
1143
1233
1226
1184
1097
1151
1143
1105
1026
1167
1149
1109
1152
1133
1078
1187
1206
1125
1203
1073
1153
1143
1117
1170
1137
1148
1120
1200
1228
1161
1171
1241
1286
1286
1281
1269
1181
1274
1209
1358
1318
1380
1343
1284
1364
1369
1379
1328
1295
1272
1174
1181
1313
1363
1420
1546
1413
1450
1375
1375
1155
1385
1286
1270
972
1064
966
1675
1169
1181
1184
1117
988
1071
1045
989
1036
989
1062
1255
1066
918
913
841
790
723
774
850
804
825
763
744
772
790
810
849
842
815
819
966
867
813
845
824
716
782
840
696
732
876
841
886
937
1007
1058
1286
1141
1191
1050
1020
1143
1129
1164
1164
1223
1192
1156
1228
1206
1180
1206
1283
1246
1464
1331
1237
1393
2217
1484
1236
1265
1326
1324
1292
1262
1211
1200
1320
1344
1204
1450
1268
1276
1361
1314
1286
1246
1311
1277
1629
1403
1356
1320
1446
1288
1336
1338
1395
1105
1235
1328
1351
1420
1506
2265
1854
1792
2058
1977
1803
1881
1915
1956
1858
1888
1960
1213
1246
1225
1339
1270
1187
1242
1262
1308
1282
1218
1244
1187
1262
1170
1175
1220
1246
1247
1161
1214
1264
1235
1294
1330
1334
1423
1297
1266
1373
1358
1349
1392
1388
1337
1396
1230
1258
1283
1251
1269
1279
1299
1178
1190
960
1325
1112
1051
1061
1097
1042
1118
1074
1138
1021
787
841
716
757
706
697
597
639
683
651
655
568
535
561
672
672
651
704
652
730
688
703
744
709
1077
698
669
678
735
751
864
878
845
967
933
1032
926
959
935
929
925
915
1000
1039
1012
1017
1062
1059
1066
989
1016
1032
1075
1187
1760
1391
1154
1136
1117
1124
1176
1104
1124
1172
1144
1141
1067
1107
1231
1264
1314
1190
1376
1319
1257
1199
1305
1242
1333
1370
1237
1185
1148
1104
1042
908
846
822
774
850
825
860
845
893
996
1361
1311
1172
1137
1097
1146
1218
1198
1255
1489
1424
1538
1668
1498
1459
1314
1270
1406
1378
1394
1412
1357
1462
1229
1374
1326
1254
1129
1393
1377
1365
1383
1339
1467
1542
1549
1547
1455
1604
1581
1467
1419
1398
1407
1417
1374
1245
1212
1166
1122
1180
1125
1104
1080
1078
1044
1038
960
999
1018
896
909
1126
1035
870
829
858
864
857
935
768
734
658
726
640
711
676
584
651
618
673
695
692
652
627
631
763
805
786
662
731
767
798
770
805
748
853
981
834
971
943
856
824
911
993
1033
1064
933
952
1001
1018
1047
1019
1164
1095
1096
1074
1152
1114
1115
1105
1134
1191
1062
1107
1100
1138
1227
1064
1093
976
1114
1062
964
1342
1151
1210
1146
1137
1111
1176
1121
1215
1041
844
957
1171
1003
1084
952
942
844
949
1004
1028
1066
1185
1279
1223
1213
1060
1074
1034
1179
1322
802
1554
1125
1259
1200
1148
1235
1183
1234
1226
1144
1121
1041
1075
1123
1219
1925
2257
2158
2204
1800
1527
1461
1349
1405
1231
1523
1290
1554
1610
1600
1427
1229
1278
1226
1261
1285
1339
1180
1223
1252
1188
1210
1054
975
1028
1102
1014
1033
864
935
829
817
716
683
754
828
799
883
867
1017
926
887
911
844
894
745
712
880
842
850
774
847
966
801
722
816
689
733
732
821
749
565
738
699
768
759
822
958
1062
1014
956
924
1020
950
1079
1073
871
934
961
949
1024
956
1138
1031
969
1098
1197
1176
1164
1243
1206
1831
1304
1097
1164
1058
871
1026
938
952
1007
1034
1058
1186
1088
1163
1154
1105
1080
1176
1197
1214
1190
1133
1220
1099
958
1260
1037
1021
1003
966
915
894
968
949
1043
1130
1077
922
1018
1053
990
1006
1037
963
1057
951
1031
1048
1085
1165
1038
1047
1149
1267
1253
1187
1173
1134
1182
1335
1394
1307
1300
1398
1267
908
947
1136
1072
1012
1110
1162
1094
1158
1326
1353
1346
1480
1455
1566
1329
1423
1330
1426
1303
1300
1200
1167
1194
1093
1307
1102
1024
985
938
992
1013
869
929
908
1123
1034
1030
741
738
945
783
901
786
794
770
710
718
817
757
879
759
774
825
782
878
795
888
854
917
858
804
838
875
950
933
867
917
792
901
881
1057
955
1127
1197
1059
1017
1072
1062
1094
872
1035
1234
1121
1059
1417
1349
1052
1117
1224
1073
1151
1320
1143
1183
778
352
340
306
1226
1509
1014
1265
1184
1404
1146
1048
1086
1124
1127
1095
1043
1065
1035
1035
1187
1025
1067
1008
1167
1398
1227
1389
1253
1322
1254
1341
1318
1217
1177
1073
1140
1090
1126
1255
1212
1167
1222
1296
1193
1139
1308
1178
1170
1184
1183
1225
1185
1251
1165
1135
1319
1284
1131
1179
1317
1342
1270
1304
1391
1259
1351
1277
1272
1314
1251
1293
1348
1318
1289
1411
1365
1248
1323
1214
1231
1258
1273
1265
1269
1230
1228
1249
1231
1296
1149
1145
1146
1042
998
1037
999
1002
952
895
987
881
1016
1096
907
859
883
815
885
852
824
828
832
801
884
840
860
882
840
576
474
490
405
517
536
585
661
699
856
811
906
965
965
935
956
915
1142
1184
969
1053
1033
953
1068
1119
1131
1043
1116
1184
1132
1047
1173
1111
1126
1189
1081
1025
1712
1678
1150
1118
1155
1090
1072
1103
1231
1078
1207
1333
1314
1227
1273
1257
1190
1185
1283
1233
1190
1133
1204
1278
1310
1264
1197
1270
1233
1247
1002
956
955
1095
1167
1277
1338
1709
1265
1308
1383
1204
1244
1191
1190
1255
1325
1241
1291
1273
1262
1386
1402
1269
1275
1149
1281
1231
1267
1263
1292
1287
1378
1294
1233
1174
1410
1271
1343
1244
1342
1600
1442
1446
1328
1295
1530
1493
1291
1511
1407
1428
1229
1294
1365
1195
1353
1322
1382
1422
1416
1291
1226
1247
1350
1232
1159
1212
1113
1017
1141
1112
1014
1040
1058
988
927
1150
1030
910
1227
1316
946
848
940
906
1245
1265
1289
956
855
862
901
1019
929
917
915
911
1029
951
932
900
898
873
992
971
870
903
882
966
937
1028
1180
1226
1005
970
1090
1060
1081
1108
1164
1177
1176
1138
1130
1185
1233
1210
1196
1278
1274
1305
1240
1298
1178
1149
1219
1231
1252
1290
1185
1115
1083
1148
1040
1106
1199
1109
1125
1268
1282
1144
1097
1102
963
954
1119
1146
1090
1160
1154
1158
1174
1274
1191
1146
1033
1058
1151
1183
1150
1169
1244
1262
1414
1282
1223
1274
1154
1226
1387
1351
1320
1397
1358
1342
1386
1522
1360
1373
1448
1575
1672
1281
1460
1226
1301
1295
1414
1427
1558
1633
1389
1408
1442
1260
1310
1415
1315
1308
1284
1450
1433
1341
1295
1340
1370
1200
1206
1331
1354
1257
1228
1217
1117
1019
1130
1133
983
933
951
974
992
913
865
860
827
769
828
708
755
609
522
530
497
537
538
455
555
601
679
746
712
763
795
828
952
909
792
819
999
884
933
939
997
933
964
1104
1120
1021
1164
1179
1236
1288
1110
1082
1228
1155
1099
1205
1159
1209
1006
1103
1215
1375
1341
1195
1249
1187
1304
1307
1561
2015
1268
1283
1297
1288
1198
1271
1168
1238
1301
1331
1325
1436
1484
1635
1588
1623
1619
1634
1476
1374
1446
1445
1462
1404
1495
1446
1376
1449
1401
1392
1326
1300
1408
1524
1489
1380
1368
1376
1384
1379
1258
1204
1327
1326
1201
1177
1236
1382
1188
1307
1295
1299
1526
1377
1343
1425
1388
1380
1300
1317
1416
1343
1793
1481
1558
1566
1522
1614
1533
1597
1577
1519
1599
1552
1580
1540
1515
1753
1655
1453
1498
1521
1541
1525
1417
1432
1477
1301
1095
1029
1272
1149
1236
1120
1304
1037
1134
1049
975
930
956
839
1111
1109
845
817
885
885
598
447
395
418
376
428
488
461
571
647
704
734
727
709
742
774
705
741
699
750
821
744
778
730
837
899
822
904
911
954
1130
997
1045
946
955
935
959
994
982
914
951
1110
1088
1170
1100
1109
1061
1082
1106
1446
1928
1153
1212
1168
1162
1136
1144
1107
1114
1150
1153
1154
1155
1154
1231
1200
1126
1117
1130
1171
1135
1142
1120
1174
1205
1237
1142
1093
1207
1053
1059
1186
973
1075
1061
1012
1044
1080
1111
1170
1109
1089
1020
1166
1185
1192
1248
1181
1065
1133
1115
1171
1250
1151
1216
1198
1091
1158
1162
1144
1058
1224
1101
1184
1218
1142
1197
1262
1229
1345
1241
1257
1367
1194
1368
1282
1282
1303
1303
1281
1260
1259
1334
1273
1263
1207
1188
1170
1082
1139
1109
995
991
981
976
904
871
850
808
775
720
736
762
663
658
665
692
669
800
671
680
661
696
697
674
661
742
625
767
697
707
677
721
714
730
724
678
708
733
741
724
739
783
602
578
535
511
639
606
553
641
595
679
769
744
584
794
769
700
552
495
448
447
449
506
443
431
407
349
309
300
297
320
323
299
313
294
293
310
311
319
290
313
301
292
335
295
307
297
325
303
297
334
339
299
307
342
287
267
264
236
256
232
249
251
212
223
255
233
191
234
110
90
86
89
93
91
89
86
92
94
92
88
88
94
96
98
79
88
82
89
87
90
86
89
90
92
83
88
88
83
81
88
93
87
92
91
88
96
87
89
93
85
84
86
136
130
140
134
141
137
129
135
120
133
134
156
131
132
137
113
126
132
99
104
137
134
137
130
132
126
131
130
111
127
127
132
114
105
125
184
353
450
626
668
527
578
679
576
633
637
517
542
569
561
634
760
683
699
679
578
721
1136
715
680
595
581
706
716
753
758
803
709
613
573
623
669
673
640
911
1135
1187
1214
1138
978
1063
967
822
449
390
512
594
364
382
1002
978
867
496
327
317
340
414
350
306
300
373
348
339
355
388
465
413
404
467
446
430
418
489
431
484
570
663
770
726
630
585
620
657
593
675
752
740
746
751
808
751
704
737
737
671
705
684
716
705
762
754
734
733
760
787
894
915
823
837
800
856
836
902
871
892
890
990
951
888
697
595
982
880
803
682
819
785
803
819
770
783
846
799
770
832
802
765
812
799
768
935
867
751
778
749
726
711
717
826
712
748
837
911
829
912
891
855
820
940
882
853
871
843
852
888
839
903
824
868
775
841
720
842
717
935
919
861
720
723
779
729
554
593
575
589
477
405
343
494
580
392
381
698
457
566
546
644
658
522
588
687
484
577
482
349
550
458
398
494
1300
1004
1157
1185
1002
961
1053
941
909
1123
1038
1099
1181
1147
1184
1080
1213
776
627
558
690
762
772
907
916
970
929
933
925
829
945
953
943
879
903
1418
1591
931
906
719
673
862
902
981
954
936
902
928
775
631
516
857
932
981
1049
910
978
944
1001
1000
1048
980
975
959
909
920
904
1021
909
900
974
921
961
812
902
858
891
701
698
919
1009
953
785
821
856
1079
1090
1080
1028
1059
980
946
843
945
926
827
837
896
969
904
845
819
904
973
841
452
416
473
496
456
437
446
370
404
366
410
382
426
381
399
453
416
356
371
397
482
383
464
661
457
340
306
292
300
205
220
229
193
202
197
180
211
240
327
238
310
274
296
675
545
517
594
731
691
705
702
739
756
905
814
730
674
764
892
865
810
760
725
731
732
759
880
926
840
915
806
768
844
853
807
848
927
773
848
888
1013
829
862
832
685
862
960
863
792
999
915
855
756
823
1022
871
891
873
933
876
815
822
868
899
961
1034
962
908
963
797
733
713
665
710
683
1047
922
932
805
858
702
723
1046
896
876
873
954
1011
990
878
904
876
817
956
941
775
974
871
874
990
1046
919
872
969
1023
1089
922
909
907
985
1006
891
935
785
778
1024
795
731
938
761
786
773
901
705
700
629
691
761
787
637
588
650
615
632
435
652
520
500
448
372
612
587
594
643
652
511
647
620
521
504
715
506
778
597
577
744
634
655
788
617
759
708
713
728
901
942
926
928
747
809
885
917
840
775
839
933
993
931
890
898
802
1164
1141
986
930
1047
1826
1045
957
943
1112
1033
1007
988
1032
1028
1038
859
1042
876
1054
1197
1611
1047
1210
1074
1082
992
1112
1107
1130
1096
920
1157
1079
880
1295
982
1109
857
991
1007
973
949
1009
958
1034
991
939
825
866
980
897
867
883
869
982
1002
894
991
973
812
791
1045
851
869
1071
995
961
868
1034
1043
944
1002
975
1141
1154
902
949
1067
1104
1013
1059
1033
959
973
981
933
960
889
948
890
943
898
996
948
943
823
848
780
707
737
813
661
675
777
642
591
673
584
670
548
515
541
363
404
619
373
619
580
506
556
485
627
505
472
547
526
536
519
492
495
592
687
585
523
607
649
550
569
809
817
815
656
679
679
675
723
699
671
768
843
746
759
703
865
821
768
825
956
1204
1468
756
659
821
749
802
920
820
755
904
1800
811
1012
904
785
912
790
751
710
853
853
868
870
731
735
723
961
935
689
949
807
821
706
849
826
897
901
792
808
814
730
771
796
737
874
775
810
854
712
773
801
913
782
859
836
749
857
742
709
902
984
888
900
856
911
888
818
861
903
931
933
848
991
975
940
903
932
853
900
1031
836
678
807
756
785
718
647
626
668
683
537
565
574
466
640
590
745
566
794
409
281
479
326
382
502
460
346
411
644
619
409
338
411
441
359
352
417
393
477
476
527
740
800
935
1009
902
1001
854
930
787
889
943
1068
1034
1121
1198
970
996
1029
1161
907
1257
1077
1089
1164
1004
1044
1104
1102
1008
996
993
1029
1075
1006
1037
875
848
858
886
1146
1275
1292
1096
1041
1043
1045
1006
1146
1171
1039
1097
1067
1051
1005
978
1109
923
1073
1247
1107
1089
1122
1218
1138
1092
897
1110
1065
1173
1138
1293
1070
1215
1372
1449
1427
1092
1104
1044
943
978
1000
1035
795
870
791
818
1017
902
755
852
957
912
903
859
770
923
921
898
995
1098
935
961
964
1041
868
897
932
900
885
861
879
810
881
835
857
694
703
630
695
741
695
686
613
543
568
627
667
612
588
642
597
588
544
605
480
437
428
410
519
478
374
472
525
618
603
605
581
596
679
719
581
603
700
755
703
761
810
819
716
731
779
786
872
758
821
790
909
894
947
957
965
966
862
947
893
1035
1084
1086
1042
1010
1449
1933
1094
1148
1024
1095
1066
1075
1155
1086
1130
1049
1098
1048
1083
1024
1117
1207
1139
1222
1157
1148
1086
1171
1256
1172
1175
1087
1059
1173
1170
1232
1200
1094
1322
1340
1356
1107
1120
1085
1105
1078
1111
1166
1235
1229
1102
1323
1141
1156
1165
1124
1197
1114
1153
1118
1303
1309
1157
1273
1155
1122
1095
1110
1124
1222
1107
1205
1172
1320
1285
1441
1172
1113
989
1223
1173
1186
1082
1031
912
1049
1007
1165
937
932
985
966
1000
1056
1019
1182
816
946
845
862
849
777
794
745
809
724
748
699
627
724
799
740
655
659
720
699
706
586
606
612
661
581
711
703
623
569
703
595
673
499
622
707
682
702
726
680
746
747
847
829
750
719
849
855
958
828
884
834
935
818
1104
872
854
954
969
978
889
927
980
999
914
911
968
1338
992
849
988
1023
974
874
831
918
909
850
791
797
756
805
819
829
855
874
833
727
813
807
872
842
667
854
855
885
818
772
911
820
897
708
661
995
944
833
718
783
803
915
868
887
935
1032
1070
986
903
895
898
930
802
905
883
1109
905
894
934
949
967
903
916
1034
896
928
909
1151
997
933
768
998
1029
970
816
933
892
900
912
791
800
862
1084
867
701
614
647
633
593
526
494
573
497
603
607
636
587
610
560
486
501
533
628
553
570
663
519
581
543
513
596
504
561
635
624
623
556
634
614
634
638
624
634
648
643
607
613
625
675
669
670
648
680
645
710
785
811
838
794
830
807
847
932
868
912
881
1209
1508
857
825
788
884
823
872
824
816
833
989
860
897
963
923
891
919
946
996
930
1159
865
870
1026
1064
874
917
925
1346
972
1181
1208
1166
957
985
938
904
1032
882
899
877
946
919
966
959
910
784
809
829
862
1032
975
990
916
1026
989
947
917
1016
953
1082
1026
1034
1074
1008
1026
1068
1037
917
1001
997
1082
1040
1127
1032
957
994
1002
952
1003
960
952
937
899
916
945
828
778
845
936
821
838
846
890
830
862
833
766
821
724
778
751
698
729
745
777
710
742
696
702
656
617
642
656
691
764
698
725
596
600
579
658
650
678
684
597
654
641
706
665
651
637
661
702
728
778
977
718
697
719
782
734
708
766
799
680
789
732
838
767
1010
1087
974
1269
1049
944
946
938
958
1026
1041
1070
1005
1035
994
1095
1081
1000
991
983
1019
1068
975
1032
1029
1013
1010
993
1247
890
820
750
741
624
647
647
761
928
932
877
1097
1118
1245
1027
1061
1063
1057
980
1031
978
1035
1048
1027
1040
1150
1060
984
1065
1002
1104
1100
1082
1091
1085
1130
1097
1021
1128
1301
1053
1041
1214
1138
1235
1123
1165
1219
1198
1264
1183
1185
1219
1144
1126
1054
1109
1183
1154
1073
1065
1023
1043
1138
987
1019
993
1004
861
926
947
917
829
814
849
805
847
786
843
824
824
864
782
813
773
828
805
800
719
681
739
791
762
795
829
779
818
806
782
830
834
856
892
754
847
1050
756
967
915
883
871
953
994
1052
1026
1018
1038
928
1049
1045
963
1034
1115
1106
1095
1070
1131
975
1060
1086
1012
1727
1458
1075
1112
1191
1063
992
1059
1011
975
938
1049
1122
1079
1098
1057
967
1072
888
949
956
1024
1174
1050
1045
1075
964
986
1015
976
1014
964
1060
1092
986
949
1029
1001
1088
1044
979
1060
1018
1045
1133
1187
1204
1193
1109
1127
1119
1064
1087
1139
1164
1166
1115
1064
1096
1169
1142
1190
1134
1191
1132
1243
1234
1264
1206
1121
1234
1125
1180
1041
1116
1336
1252
1234
1196
1038
1054
1035
1090
920
991
1070
1107
1144
1132
923
1013
1047
947
997
1045
930
929
879
964
935
901
888
1108
1057
1076
1006
944
939
968
1070
918
900
896
825
738
664
717
675
630
666
633
705
776
807
739
756
727
770
756
693
722
761
802
741
884
874
829
884
908
918
929
868
950
1026
1014
1090
1070
1101
966
1013
1018
1015
1031
907
920
989
979
1191
1775
977
996
1010
899
988
918
970
1017
984
960
937
918
922
1015
1028
925
953
957
1019
960
909
943
946
924
990
1035
975
1025
973
919
1069
1080
972
964
913
698
783
748
829
818
836
732
701
752
727
703
644
693
742
801
833
827
866
795
807
815
898
919
944
965
908
1022
1040
958
1184
1318
1369
1135
1034
1007
1076
1023
1136
1124
1015
1089
976
1021
1030
1020
893
899
914
963
1615
1093
1087
1084
1057
913
879
913
836
803
774
798
796
744
714
852
800
819
789
781
765
689
655
636
787
854
994
785
786
799
795
812
853
830
950
794
811
825
841
811
858
852
780
884
901
879
982
879
865
960
957
1006
1054
936
990
1038
1106
1015
1065
969
958
979
950
1051
998
1058
951
1049
979
1052
961
1041
1024
1018
966
1006
1065
1036
1044
999
1000
1038
934
1008
907
975
1001
904
947
907
903
858
971
1045
1050
1131
1012
1054
1107
1116
1021
983
1065
926
1005
1101
886
991
921
1119
1111
945
1001
916
978
929
897
884
885
820
917
897
742
741
722
817
796
763
874
989
928
1006
876
959
970
894
1023
1137
1116
1247
1290
1308
1047
1060
1044
1073
981
994
986
935
