46
121
82
508
657
369
300
292
290
549
935
763
1029
912
533
561
527
488
494
484
454
453
886
744
942
676
707
689
636
639
673
646
666
603
604
593
624
660
620
525
512
483
590
596
519
451
464
436
508
384
534
550
585
634
563
539
400
334
352
455
388
516
378
355
334
477
342
350
309
514
646
585
571
591
584
501
491
500
419
379
414
392
382
376
372
341
333
353
353
357
333
316
352
329
358
345
363
338
355
364
397
365
431
361
375
410
511
445
379
427
402
382
421
465
442
405
443
558
485
526
526
470
537
476
576
507
498
555
555
543
513
471
510
504
519
568
503
526
603
544
549
548
566
506
564
542
517
537
562
549
533
540
557
524
547
606
500
436
547
579
492
502
491
472
433
438
440
475
532
540
513
530
601
565
540
531
527
638
597
647
659
703
675
705
560
570
686
488
523
503
406
430
419
436
446
462
414
383
420
427
462
603
611
542
552
585
605
667
636
603
580
644
629
535
536
574
646
628
652
505
474
350
410
728
445
567
674
641
558
581
625
607
575
546
622
636
693
648
677
632
646
650
697
690
722
713
651
698
680
602
771
728
825
715
682
692
804
714
753
737
671
671
696
688
737
754
900
655
722
785
740
757
720
695
730
739
908
759
787
773
801
730
579
757
792
683
695
788
730
704
774
762
751
694
676
671
710
702
728
803
673
758
819
773
777
863
858
858
889
783
812
669
576
592
616
627
711
626
604
549
556
579
580
579
580
554
534
524
607
544
425
412
506
484
426
435
415
466
584
564
535
470
375
421
469
460
512
470
425
459
397
471
425
421
449
475
420
394
429
377
387
408
397
431
435
497
421
431
426
450
530
455
381
376
437
430
391
381
382
393
517
487
454
414
444
419
445
436
414
451
370
501
412
394
454
437
509
453
477
476
471
488
489
483
464
592
460
520
538
538
624
585
609
540
618
579
526
634
585
614
609
604
577
636
685
565
583
645
697
690
695
670
674
649
680
656
626
604
624
654
662
717
728
690
660
735
691
748
723
634
715
608
671
710
704
660
683
614
552
456
679
677
606
602
653
653
647
656
433
341
344
357
335
314
344
1342
1094
1084
903
628
605
730
842
618
669
621
619
630
613
635
615
564
658
590
583
653
645
617
638
613
691
650
605
619
615
548
583
617
599
586
612
628
609
612
593
669
628
813
792
743
527
831
669
627
644
666
759
633
625
615
606
797
624
670
687
777
671
670
687
689
693
712
730
702
698
665
713
643
667
608
733
645
705
638
714
689
656
675
615
669
689
682
688
670
707
740
767
763
738
762
788
755
802
789
719
679
757
773
829
696
721
720
703
723
718
673
665
678
675
619
700
681
671
731
786
786
734
726
661
661
766
586
863
672
649
813
727
644
663
624
639
698
697
686
687
614
637
527
541
521
458
532
470
483
476
529
489
544
403
492
475
569
611
586
568
504
445
394
364
387
430
384
546
355
373
317
369
358
355
298
454
341
371
289
281
322
284
258
265
267
269
274
303
405
345
327
348
325
364
359
322
407
504
454
505
464
478
476
406
431
429
482
419
421
463
378
504
401
432
416
469
447
486
457
487
480
488
482
294
308
297
313
289
248
291
265
298
309
269
261
309
315
384
357
473
510
493
480
508
575
528
586
549
581
566
546
526
571
608
580
601
556
584
897
1019
889
589
616
618
580
597
575
565
546
521
619
529
552
588
561
555
551
482
458
466
476
488
444
458
505
496
560
611
585
612
547
539
615
594
556
519
539
540
552
563
588
551
534
571
568
582
617
547
499
483
487
569
537
522
545
587
527
588
519
511
599
667
619
572
556
571
589
528
546
585
523
549
584
532
565
508
536
626
546
552
599
594
604
572
576
576
568
596
611
674
590
595
596
629
596
617
568
654
628
650
564
518
628
562
614
628
586
697
659
671
600
625
561
616
631
599
655
546
536
595
613
581
600
598
595
658
611
652
636
770
643
639
634
614
693
667
679
640
747
630
566
521
502
550
583
592
565
545
525
501
503
485
556
604
535
490
566
611
601
522
557
587
572
492
570
498
618
525
465
461
533
542
492
418
432
457
461
447
422
385
407
528
536
514
447
464
343
412
369
409
324
449
342
340
356
324
302
377
405
304
317
340
280
341
376
362
325
373
394
318
353
362
341
349
405
348
362
364
339
336
357
377
333
430
351
340
368
383
392
350
393
355
384
467
390
485
343
373
358
415
476
350
428
500
425
493
473
460
510
506
576
512
508
483
463
497
536
497
510
575
522
465
495
512
578
576
511
602
609
533
537
577
617
699
669
615
614
615
591
592
609
649
633
715
674
666
709
643
585
626
644
616
625
666
687
617
597
526
596
646
641
545
668
732
687
709
707
723
648
766
663
637
614
562
575
653
647
618
617
643
636
785
1134
866
1123
1202
878
876
941
889
854
795
876
873
862
920
961
952
833
836
852
866
898
839
730
685
681
704
665
570
624
699
751
647
633
619
628
617
622
591
614
556
644
794
789
832
865
823
754
661
685
680
715
673
674
660
711
673
716
731
689
746
740
712
773
752
734
658
759
732
807
731
714
735
756
717
720
628
705
743
785
744
697
741
725
720
728
797
778
776
736
805
855
764
721
714
790
761
787
626
756
800
745
717
804
803
768
805
840
860
847
868
883
837
772
780
705
701
728
681
694
716
649
747
697
704
650
650
659
651
606
595
813
630
588
792
679
529
568
578
514
643
491
529
517
524
529
469
512
483
655
503
468
531
461
469
554
701
552
477
419
433
451
475
416
399
413
424
484
456
403
466
453
436
466
468
517
427
440
394
412
371
421
359
393
379
381
375
406
383
392
410
396
398
391
383
403
404
405
413
402
454
422
406
405
390
386
370
376
390
389
383
478
487
462
513
488
510
492
530
496
522
484
476
498
477
445
527
585
479
509
463
440
530
517
509
549
477
504
500
551
486
452
370
396
454
469
455
398
464
421
431
442
473
439
507
506
545
521
533
632
646
1158
1135
731
620
662
650
695
688
648
695
738
677
660
764
755
783
664
698
652
636
604
644
638
767
636
780
840
805
807
938
924
959
836
740
802
771
762
791
691
738
732
830
819
763
923
798
785
754
764
805
753
692
797
782
797
777
755
772
773
711
724
772
716
760
683
688
726
700
753
751
848
772
781
795
862
870
871
699
746
696
753
708
777
718
721
692
690
674
713
627
674
725
773
770
646
709
815
758
791
769
764
770
767
839
864
827
868
791
786
791
806
790
817
768
771
810
784
819
697
838
924
703
979
778
824
730
761
794
734
762
778
878
797
840
810
870
819
838
847
773
818
719
799
743
869
814
792
804
763
776
882
747
745
767
844
805
723
764
812
767
739
844
782
794
672
710
636
673
685
728
750
655
726
698
704
655
682
606
562
661
559
642
578
521
505
552
566
524
578
546
490
501
501
493
450
506
571
506
585
539
436
487
413
508
452
396
406
398
458
397
385
399
452
420
453
438
377
444
402
344
428
400
363
370
413
414
393
413
482
402
430
418
446
432
418
419
426
439
398
432
433
399
452
429
446
450
469
470
422
421
482
517
539
452
453
498
492
526
558
545
564
618
623
628
574
501
560
544
542
598
604
613
600
603
669
623
636
614
569
637
618
580
599
618
588
672
615
673
686
696
673
750
665
600
630
613
678
756
662
1033
1219
881
723
689
609
579
665
631
682
626
600
600
618
650
679
677
722
674
671
603
609
619
709
641
660
777
746
731
684
675
644
615
686
681
654
686
790
743
777
726
817
744
735
758
706
720
670
754
729
716
724
666
592
613
647
686
769
692
717
666
711
646
619
722
702
729
730
643
665
625
559
681
664
715
566
688
670
622
776
668
650
602
628
704
736
681
663
583
593
578
642
649
669
662
682
651
685
640
556
640
737
714
750
705
791
750
744
698
746
797
758
666
668
781
711
717
730
745
630
748
773
754
773
790
621
871
768
748
785
821
831
747
787
811
790
801
828
801
763
773
762
833
933
850
807
766
806
785
879
945
947
779
679
738
1584
1151
719
622
668
1135
1121
1083
690
1152
769
723
641
624
597
569
607
555
563
555
521
570
542
583
586
547
517
502
498
540
538
554
505
487
489
539
588
578
633
526
407
418
466
429
475
444
459
431
432
410
415
447
445
422
452
445
429
401
402
462
410
373
387
337
397
415
429
413
408
428
440
427
376
443
445
451
492
446
497
439
448
441
498
405
404
381
407
371
390
368
397
449
427
460
431
391
403
439
426
448
563
514
497
539
527
588
562
498
540
451
597
485
547
572
513
493
486
516
399
539
430
491
452
460
478
549
553
490
545
481
498
490
516
569
573
666
658
587
632
613
673
615
600
524
558
572
537
600
573
621
566
513
470
472
483
540
588
534
500
577
590
665
581
507
643
759
590
631
708
772
783
741
714
137
525
661
709
652
720
744
749
745
796
716
723
657
657
653
648
600
670
704
648
632
723
637
603
582
601
667
647
602
579
557
590
596
612
638
687
706
588
660
697
682
578
663
599
602
626
624
630
644
639
633
668
642
741
614
644
650
648
600
630
611
638
624
553
637
694
610
600
632
602
631
620
621
647
580
700
748
694
710
603
632
735
660
701
757
801
581
600
639
705
714
708
725
886
769
709
585
688
717
715
644
743
734
668
737
765
665
672
653
714
770
768
755
1076
944
800
784
811
838
803
675
592
681
647
621
626
594
603
613
635
650
630
566
600
507
577
503
502
490
494
549
595
582
505
514
498
480
528
535
530
501
498
556
559
530
518
505
524
496
575
649
612
507
474
527
472
446
430
456
436
466
454
473
456
423
426
528
450
464
447
359
455
422
441
449
505
422
423
447
488
465
439
482
432
437
445
482
545
455
479
492
533
487
496
501
478
494
494
532
555
490
506
468
524
543
508
562
522
544
567
537
543
623
597
598
678
643
679
721
607
657
645
648
640
585
629
615
636
719
671
654
672
699
678
668
669
674
696
667
673
684
684
680
476
910
851
711
691
675
711
692
676
698
1001
1134
935
715
699
749
737
692
660
692
641
671
647
681
678
664
709
741
702
705
700
639
692
714
679
691
700
750
679
710
697
776
752
723
716
685
663
746
714
696
719
665
688
675
747
792
684
709
774
677
706
752
777
666
727
658
929
730
674
728
661
708
608
685
686
915
730
703
674
626
675
708
693
710
680
662
699
622
673
671
761
650
638
666
871
630
674
689
763
903
784
667
709
717
800
759
795
649
728
745
847
1132
685
650
720
713
859
755
719
743
868
698
747
779
754
796
757
751
698
779
714
722
750
778
889
836
757
772
805
919
776
779
765
869
899
804
784
789
820
853
763
918
693
797
914
919
884
816
787
768
842
877
737
741
745
770
731
720
828
748
715
685
694
845
682
577
648
715
783
691
673
641
627
640
611
572
518
515
502
588
590
567
594
672
604
514
454
494
503
499
479
545
505
478
497
470
511
491
463
556
506
528
470
486
477
419
333
356
469
372
327
423
515
409
519
554
417
442
416
487
491
496
517
505
502
525
394
470
490
415
435
496
579
472
452
475
616
477
509
439
424
425
357
343
367
421
340
443
410
378
441
443
454
497
461
453
503
493
542
522
557
503
598
659
659
581
553
548
580
537
603
562
550
556
646
634
625
601
684
627
654
715
648
658
678
721
619
615
666
662
661
688
745
738
756
637
681
691
655
679
724
756
744
736
738
722
736
746
728
666
690
732
708
762
664
715
728
706
739
671
735
691
715
764
746
745
675
721
716
731
723
758
661
725
697
816
745
668
698
714
706
734
709
685
673
717
695
731
645
685
664
630
669
636
693
698
715
752
479
495
455
469
467
538
475
473
467
510
423
479
444
551
485
498
517
575
650
671
650
621
608
600
648
666
657
607
570
646
658
643
630
642
674
687
679
713
645
694
734
657
670
644
662
669
759
741
608
685
717
741
698
729
709
657
679
615
595
681
626
650
660
705
617
696
624
674
698
614
602
664
669
653
622
544
667
645
634
715
668
699
740
701
715
807
663
623
722
655
658
730
740
704
777
676
637
709
644
657
679
691
699
728
652
609
653
609
567
597
566
558
561
563
554
552
490
474
528
536
467
448
489
427
480
421
420
404
462
452
486
548
495
540
480
519
496
583
576
601
471
453
474
440
410
425
457
390
467
458
469
492
484
444
401
443
472
468
414
392
397
426
434
413
406
407
460
387
401
443
451
446
391
405
474
453
432
443
438
425
318
371
379
397
409
408
357
445
455
380
450
386
424
451
433
406
474
498
489
612
557
581
558
536
551
522
500
529
563
523
527
548
590
554
580
593
530
479
526
486
535
602
613
570
534
590
610
590
597
555
611
596
543
542
512
575
810
1049
940
534
620
569
624
609
597
529
555
541
570
640
611
620
626
642
608
646
583
591
652
573
577
596
609
550
626
607
610
658
672
628
615
542
540
586
507
554
560
581
561
563
572
591
582
631
596
541
543
644
591
621
593
569
570
575
586
605
611
639
597
581
633
606
689
570
581
559
619
581
558
576
586
567
573
526
554
593
548
604
541
590
574
636
644
620
641
601
568
671
658
604
631
653
638
619
645
605
616
677
643
687
599
644
662
637
627
601
743
727
588
613
622
596
581
599
639
672
673
982
638
672
678
691
903
880
761
762
727
721
707
688
675
655
698
689
706
654
700
690
719
698
745
664
730
691
678
675
671
865
747
665
639
617
536
646
599
587
600
583
551
558
572
612
601
593
652
596
561
695
696
589
537
547
498
538
495
537
522
495
565
463
533
567
449
474
495
437
402
452
511
489
449
491
458
298
344
437
420
401
422
422
472
456
406
564
410
412
474
429
380
437
405
419
378
261
306
251
236
216
219
217
240
230
201
216
227
244
275
293
388
380
445
436
433
487
430
475
421
420
416
433
418
482
469
791
566
507
555
625
597
573
584
624
593
637
600
627
522
542
596
544
410
543
492
522
563
531
515
529
482
551
571
551
585
490
587
507
528
538
593
592
534
606
624
542
599
659
610
563
587
589
606
671
634
660
625
660
575
585
614
650
629
614
687
605
695
601
668
618
582
618
668
701
614
617
601
624
577
619
605
584
622
645
723
711
655
611
595
652
665
609
618
611
700
625
677
674
649
571
646
572
625
661
574
595
601
555
555
614
660
613
596
605
591
681
601
592
581
586
653
644
630
653
585
627
684
582
606
594
618
612
638
606
580
660
652
579
590
655
627
572
677
626
599
718
644
611
655
599
675
693
697
703
689
700
687
696
673
640
659
704
620
694
666
728
735
702
736
761
755
682
692
712
717
778
725
800
720
675
713
699
705
700
692
619
617
604
766
703
702
727
779
764
624
1032
772
768
755
752
796
684
758
704
563
749
756
649
739
742
622
588
516
559
402
620
753
968
649
633
612
642
659
615
611
583
532
521
579
614
544
549
506
550
585
524
530
569
637
697
645
550
494
497
486
523
424
437
414
419
389
437
382
449
475
446
432
462
425
405
418
408
411
420
416
416
419
431
491
445
473
442
417
469
435
493
510
489
487
414
454
442
448
452
451
403
360
428
441
495
363
377
360
425
477
463
442
491
482
460
520
535
538
526
606
523
843
615
631
640
628
583
506
546
622
617
608
617
603
646
613
641
681
614
645
679
595
679
627
639
681
595
687
654
641
686
694
685
710
730
880
661
685
663
676
900
1226
1133
773
677
667
658
718
696
716
707
725
733
674
687
659
638
644
668
678
692
823
662
650
649
830
726
676
710
697
689
703
773
677
700
687
645
715
728
697
633
753
971
767
730
825
678
668
771
678
867
712
692
702
720
708
891
700
515
617
578
787
687
759
703
746
770
768
877
1119
1176
1083
923
1034
907
939
1246
1067
1103
941
1047
993
1015
977
1082
1049
1055
976
985
1096
1013
904
651
654
686
670
661
720
733
675
698
654
601
701
676
715
658
700
726
647
687
651
678
653
658
634
695
657
645
631
612
657
676
653
681
690
654
653
609
632
677
684
666
680
674
728
697
713
730
763
772
692
749
620
703
793
679
746
738
710
771
679
839
724
741
733
686
782
709
670
690
644
708
658
708
673
676
726
687
650
707
718
587
621
651
606
486
698
667
623
565
582
571
563
611
565
588
549
621
573
539
652
641
589
553
433
387
457
466
406
470
371
335
387
383
377
323
348
350
329
354
383
347
355
374
348
329
229
305
313
281
321
411
352
358
393
324
371
385
345
355
374
427
353
357
396
383
422
383
467
651
405
362
388
356
353
376
405
383
411
399
486
444
504
446
464
475
518
545
492
568
533
460
528
496
530
510
521
482
540
492
483
470
587
510
553
577
567
523
539
565
580
563
540
645
531
530
557
550
534
548
568
584
637
656
717
1033
1004
564
618
631
603
613
614
559
620
662
607
633
594
598
603
624
646
621
611
623
585
594
558
608
637
675
671
694
734
673
662
646
728
749
708
703
689
663
626
669
740
655
690
732
740
749
686
686
615
651
601
638
631
560
632
458
507
480
445
453
451
409
431
462
448
419
458
500
451
462
454
480
512
549
623
788
737
683
615
629
638
610
610
556
623
629
689
640
663
640
714
735
901
792
716
780
955
896
832
796
765
826
708
724
659
714
751
747
748
768
730
813
732
727
734
836
726
636
663
795
742
747
671
664
642
579
744
759
754
718
728
778
742
694
733
803
719
855
851
812
868
881
776
769
827
852
843
811
915
749
835
711
761
745
802
722
785
737
726
747
652
662
651
651
612
607
600
655
626
618
583
598
585
617
556
589
529
590
610
498
519
514
531
566
568
487
508
437
523
581
625
587
505
452
516
448
426
455
479
473
409
510
477
510
422
401
412
359
353
397
394
358
345
366
390
375
360
319
313
349
344
339
331
369
351
405
384
370
348
344
311
370
346
355
415
432
436
442
412
374
352
411
382
427
390
455
413
431
412
456
383
412
408
506
514
521
461
470
537
575
462
506
428
439
451
490
490
546
544
556
554
591
560
476
495
525
528
554
553
539
615
517
571
554
684
576
574
563
618
588
590
617
610
617
578
613
605
612
543
652
632
664
605
550
578
600
606
618
584
673
652
557
609
606
570
527
526
575
642
626
393
573
789
621
675
593
652
645
619
626
631
581
566
660
654
575
620
645
670
576
548
551
311
506
730
581
527
564
550
579
551
507
562
435
463
480
499
500
548
550
581
555
581
593
683
672
694
669
658
700
576
564
619
553
609
511
667
607
835
496
246
742
958
673
604
627
676
692
629
629
621
633
680
623
664
702
638
667
641
608
594
621
516
602
597
574
604
671
634
729
1149
1196
1216
1150
1177
1207
1171
1093
781
860
840
724
682
783
757
775
711
628
843
810
704
673
857
919
876
761
901
785
772
617
718
672
743
642
650
705
642
701
786
673
670
619
710
605
638
705
643
636
642
606
607
528
546
554
538
578
612
560
546
567
514
461
487
519
422
460
469
417
379
400
381
368
426
422
440
403
440
495
460
468
476
594
474
495
531
453
505
471
471
446
533
439
432
379
387
429
463
456
447
443
461
468
397
431
478
585
445
428
418
338
500
435
340
401
421
380
395
386
394
467
475
313
295
349
427
416
348
393
420
421
399
415
491
550
485
582
595
517
574
481
458
537
571
523
514
533
579
575
604
500
474
490
508
522
515
523
496
577
529
505
581
584
635
550
522
507
554
623
654
653
624
651
579
675
682
646
656
861
1039
842
577
571
635
599
681
550
470
502
506
578
511
497
498
540
509
583
540
564
556
658
645
568
607
557
678
613
622
589
596
603
568
666
660
646
631
650
692
596
528
753
601
678
577
558
487
624
717
595
529
571
539
568
508
530
514
484
468
489
502
542
528
493
518
608
579
643
573
572
504
518
541
516
610
563
512
573
516
589
554
477
516
578
566
500
522
595
564
568
570
603
624
624
543
615
529
617
612
668
661
702
654
672
636
628
600
629
591
644
689
737
744
767
713
695
700
717
790
702
748
497
477
507
518
599
625
610
548
532
565
641
572
674
560
567
624
646
659
773
703
742
731
737
746
912
804
790
822
746
697
800
738
749
702
780
727
676
775
682
610
688
653
602
658
623
589
603
793
596
602
595
533
507
561
508
504
521
552
562
511
449
504
487
498
500
578
603
535
585
631
463
473
291
408
463
513
465
409
476
496
427
418
441
418
433
382
388
392
378
440
447
386
420
479
482
392
423
385
460
442
452
411
436
475
435
435
489
463
486
432
503
486
486
421
453
406
486
450
486
467
605
475
488
435
537
469
447
406
496
483
483
470
609
523
494
559
647
676
598
568
574
558
554
578
574
563
619
572
517
476
509
557
567
734
631
612
560
581
602
1094
646
608
558
566
600
688
652
587
577
629
625
678
727
617
611
649
647
313
211
188
162
195
179
138
569
1025
874
492
551
653
702
643
638
726
794
620
582
538
606
560
634
584
588
651
575
599
573
556
524
617
531
597
560
560
624
635
547
541
613
540
543
628
689
776
691
645
737
751
735
636
704
721
638
711
735
734
727
696
624
606
658
667
507
621
604
611
569
591
711
651
623
656
650
635
616
698
667
717
665
616
590
691
768
631
619
623
631
606
665
626
684
661
622
668
638
673
682
594
614
622
675
736
676
680
637
602
649
670
739
687
694
725
689
674
720
738
747
711
661
749
714
705
679
690
688
714
676
693
677
719
711
750
673
745
673
731
785
762
707
685
678
700
669
651
753
614
673
652
713
689
654
696
686
685
692
620
668
674
704
658
654
643
749
606
633
641
601
613
613
554
551
552
529
582
536
533
561
516
552
467
481
514
535
496
480
480
593
578
597
511
444
491
459
499
418
462
448
478
493
445
431
463
466
405
458
441
448
454
456
481
461
469
455
455
480
459
460
326
231
250
280
259
223
225
249
300
296
293
316
332
328
360
395
428
479
429
449
485
486
527
507
514
509
472
540
545
491
487
599
613
657
615
489
599
571
537
565
519
520
520
597
585
637
581
646
544
584
601
586
652
638
616
614
509
660
615
611
572
635
592
635
637
583
585
533
627
1115
1192
631
669
546
634
597
637
602
592
564
591
593
602
644
675
592
580
643
666
734
746
697
634
688
664
712
679
668
647
627
657
646
707
700
652
649
620
610
632
650
660
669
762
690
686
657
639
659
629
732
662
679
687
636
576
498
527
515
473
564
621
564
665
754
646
684
795
1041
804
641
643
717
773
718
651
673
672
653
639
656
644
700
645
675
734
669
681
685
706
689
674
665
724
765
714
785
748
645
692
689
614
638
654
745
695
604
676
717
680
676
703
689
702
753
741
680
710
632
707
611
730
750
681
697
695
736
726
619
736
714
815
925
786
769
783
759
712
714
673
814
833
834
716
691
849
792
706
770
823
767
646
674
663
740
719
740
632
697
723
697
719
723
761
787
772
769
740
664
717
654
672
688
676
749
677
664
643
606
632
671
659
479
583
624
599
605
589
560
544
531
601
563
559
526
559
476
536
663
563
560
436
571
759
562
718
676
498
427
474
465
536
524
474
574
752
695
698
681
652
522
453
457
462
462
471
506
511
595
524
462
515
473
469
534
485
523
549
530
518
512
494
503
467
490
474
486
485
549
549
484
482
476
492
470
486
509
515
477
550
523
553
623
635
684
630
540
541
526
546
574
604
570
555
590
583
624
651
600
649
647
636
584
621
613
657
589
656
686
635
620
680
658
663
650
725
723
642
708
706
660
738
647
632
642
616
676
643
674
663
643
673
649
746
665
622
620
574
608
545
631
600
547
581
627
621
658
574
623
583
637
698
675
690
676
624
620
557
614
576
496
538
486
558
625
620
606
594
599
606
640
610
636
617
614
631
655
714
668
622
636
608
557
579
578
578
614
637
614
681
581
618
636
686
654
696
659
713
813
703
673
649
658
719
668
615
600
675
745
761
724
743
750
679
752
728
738
735
712
769
738
784
854
753
716
724
774
763
851
873
756
981
737
681
767
808
640
683
731
707
680
754
710
783
791
786
883
976
756
750
757
767
778
752
771
664
695
711
730
778
725
691
731
621
727
730
826
788
778
693
752
699
683
724
709
717
748
677
604
661
727
684
777
713
684
657
690
637
650
681
570
596
541
544
672
626
577
534
509
515
499
499
559
517
539
539
499
491
473
456
453
468
462
419
446
401
445
424
394
395
400
346
314
276
303
255
310
234
295
283
314
270
272
232
292
314
320
314
400
367
395
417
368
389
434
409
445
442
458
505
515
509
446
419
425
454
507
548
501
465
470
536
539
462
539
572
474
488
544
575
609
602
598
559
541
652
616
644
669
618
773
643
611
611
611
553
677
672
607
602
586
655
618
655
596
699
619
611
480
490
717
678
699
711
772
709
680
631
671
665
615
665
680
719
731
647
789
1209
1139
734
633
728
655
676
716
711
713
618
672
686
646
653
648
648
711
704
719
714
716
714
806
756
811
859
912
833
871
897
845
801
945
901
877
774
714
730
834
790
735
802
769
790
752
824
735
882
779
669
809
754
778
788
737
718
774
707
691
713
722
804
768
819
839
785
758
744
722
754
758
736
742
717
768
720
680
648
645
724
697
735
709
628
635
635
644
680
681
804
721
567
570
838
684
686
691
812
766
827
754
715
711
759
784
726
801
718
726
715
699
699
780
737
726
728
1136
774
739
860
822
894
852
780
842
856
870
903
776
836
866
833
893
786
870
850
858
837
874
829
825
834
784
880
998
884
899
837
793
777
822
791
850
778
866
857
796
768
716
809
788
787
764
711
570
626
540
589
680
655
640
602
709
583
637
795
610
568
558
622
581
591
540
522
541
488
487
521
477
442
556
639
601
584
430
454
458
463
480
465
485
432
255
254
233
216
212
264
167
200
241
229
257
261
235
247
286
351
327
377
367
396
381
429
352
404
387
386
405
404
435
388
369
397
369
396
406
399
447
438
410
391
419
417
385
424
455
446
500
439
466
523
436
498
492
489
532
596
625
543
560
548
548
489
542
494
541
467
502
557
508
532
534
524
485
510
504
596
608
570
590
658
585
605
608
587
636
560
557
566
604
609
657
946
1112
838
614
640
652
675
629
595
632
618
619
630
596
599
599
590
628
632
613
611
657
622
586
646
622
617
692
634
676
623
587
619
597
568
645
662
600
623
616
619
607
615
591
659
586
691
686
653
627
579
610
640
634
609
565
570
544
675
635
521
522
545
618
598
538
572
528
560
564
608
574
606
647
620
609
586
582
600
536
583
622
669
631
567
707
709
637
635
630
564
586
600
639
586
621
637
661
684
599
644
674
661
632
620
603
625
588
634
625
601
643
549
602
669
615
618
552
693
650
665
617
620
600
701
650
679
673
710
716
733
649
655
665
754
739
644
664
717
735
691
673
681
769
680
659
731
694
697
712
649
690
662
725
713
694
659
707
645
658
635
663
652
610
602
536
640
620
588
560
519
586
501
540
515
525
528
499
476
468
474
470
435
438
401
428
396
365
433
370
439
385
360
330
367
374
342
371
376
365
365
435
408
360
372
356
373
362
374
352
395
368
386
342
348
399
382
389
310
346
428
434
367
355
403
380
348
386
402
371
375
412
421
384
308
413
393
375
413
385
399
397
386
402
389
418
427
344
319
299
332
300
241
266
313
315
424
314
267
319
333
352
332
326
355
365
453
384
413
346
316
355
471
507
321
358
374
265
336
277
249
221
278
212
260
226
257
296
248
227
240
200
237
226
166
175
175
164
147
157
161
205
140
173
173
181
154
182
142
160
148
175
157
171
180
165
156
172
152
175
172
137
187
139
175
160
205
156
158
152
190
144
169
174
159
176
160
163
183
173
204
148
169
170
172
148
198
187
135
149
138
138
152
104
159
155
105
122
130
139
107
165
140
85
119
125
133
133
121
110
113
124
126
78
47
48
48
44
49
50
48
48
50
54
43
51
47
45
48
50
57
47
50
49
49
45
45
57
46
48
58
61
39
40
46
53
42
43
46
50
49
46
50
48
44
47
50
46
50
53
44
47
48
44
47
48
47
44
48
43
46
48
46
48
50
47
46
52
53
47
48
50
52
48
46
47
52
45
53
47
49
43
43
43
58
74
77
74
64
79
73
76
73
79
70
74
69
74
73
65
63
67
77
72
72
87
75
72
72
71
82
72
60
70
72
56
65
78
54
53
53
68
69
71
75
71
75
73
70
69
75
59
78
68
72
68
70
56
63
71
71
68
72
69
58
64
59
59
65
69
112
145
209
236
259
357
324
387
317
295
285
304
359
364
314
313
355
338
368
287
301
255
308
290
300
327
312
315
355
428
400
369
354
382
378
362
323
317
351
421
372
815
392
392
318
385
326
316
315
343
394
384
391
381
427
417
390
433
444
384
373
303
317
304
349
324
349
372
360
346
353
351
454
613
676
621
639
614
688
661
561
529
554
536
586
503
510
444
268
240
210
215
221
346
336
286
181
166
224
413
547
552
508
536
396
306
206
180
175
175
164
172
210
246
215
168
176
149
165
177
202
200
174
188
181
201
188
201
211
285
212
220
227
201
237
248
247
242
279
204
222
226
268
257
237
243
277
226
319
343
376
375
456
382
390
374
308
297
335
329
356
362
323
309
368
369
390
417
406
374
390
440
392
428
446
415
393
383
385
403
387
373
439
329
383
392
369
350
394
396
361
391
406
417
406
378
419
399
402
406
399
423
430
447
518
491
474
461
465
448
412
421
461
448
481
450
508
475
491
430
482
484
488
504
539
542
503
492
463
494
242
256
422
555
481
522
461
435
344
382
413
472
416
416
407
478
443
440
389
417
426
466
460
398
464
424
415
466
424
427
441
401
417
456
428
430
402
442
517
483
495
427
387
403
423
431
400
387
392
396
377
370
403
443
455
378
359
419
424
477
469
514
453
431
487
499
518
418
492
438
452
519
483
485
462
430
510
431
513
440
497
424
457
482
467
447
464
508
454
446
469
466
377
491
455
362
388
518
393
393
389
489
510
505
500
455
410
400
382
393
420
429
409
376
298
297
300
314
312
312
330
283
252
231
201
178
197
255
308
316
275
189
215
204
320
404
308
181
316
299
279
344
325
381
352
296
293
264
356
380
353
265
277
287
317
279
186
182
285
293
266
221
233
198
270
428
719
646
500
578
619
656
638
574
511
489
532
626
538
483
497
481
608
578
583
563
554
641
625
634
629
667
636
544
593
676
644
458
392
349
315
276
353
345
422
401
435
425
419
512
515
481
549
504
526
476
505
516
496
444
451
497
516
536
488
513
496
490
455
495
502
827
997
823
531
484
465
502
466
274
339
464
442
475
490
507
569
508
512
511
489
514
466
494
512
448
286
339
318
279
437
469
472
553
511
570
545
520
496
513
545
513
497
539
542
520
560
553
589
534
506
536
501
532
467
514
501
500
495
482
563
524
518
454
496
497
542
495
503
511
526
426
453
487
500
456
467
481
462
323
290
460
484
519
537
539
542
450
421
389
475
440
490
588
569
585
587
610
549
574
537
559
565
517
536
503
438
476
530
496
496
493
425
463
450
450
498
524
525
495
479
451
452
461
468
469
481
533
567
408
245
236
216
245
258
251
258
282
225
268
216
259
226
201
194
230
205
216
192
217
214
208
211
247
212
194
216
220
248
246
216
205
211
185
203
197
224
270
244
195
224
232
312
353
330
250
179
177
179
165
143
173
163
147
113
108
116
130
128
106
105
123
95
100
109
93
111
113
109
121
155
179
167
114
163
168
157
143
134
249
385
280
328
271
295
275
330
421
371
334
425
414
335
390
385
421
331
438
472
504
463
410
407
390
371
354
412
440
475
494
468
443
444
399
411
408
381
392
406
392
436
347
488
463
495
503
462
448
499
493
436
402
422
410
481
489
434
436
440
458
451
507
482
411
420
490
430
507
511
571
444
461
477
447
463
431
385
369
497
449
554
462
479
450
416
540
516
475
521
466
425
412
414
449
522
576
488
450
481
464
490
471
542
471
464
464
429
427
454
443
512
476
476
511
559
536
578
492
497
479
560
490
439
397
384
375
427
358
378
389
380
328
392
594
532
485
508
496
495
412
481
455
393
401
394
373
511
604
506
439
477
469
482
487
525
536
557
547
516
477
481
477
482
483
449
437
489
529
523
486
447
403
504
552
447
492
457
505
551
505
581
603
425
478
457
446
637
576
524
614
501
527
430
518
487
513
506
567
482
581
401
571
519
444
410
436
425
499
582
416
439
341
468
512
487
385
447
389
463
395
494
466
369
368
355
441
334
307
395
385
433
427
407
331
355
308
332
372
293
317
444
306
315
188
351
313
367
186
206
378
237
171
199
301
339
296
330
286
356
329
361
357
332
265
319
344
351
325
331
258
275
269
413
342
271
326
406
385
329
287
312
411
388
333
348
303
421
445
385
327
388
402
395
381
373
390
356
431
489
477
514
526
515
463
515
467
373
452
415
402
550
504
508
445
422
417
442
454
462
524
547
528
476
527
473
544
528
284
465
605
642
585
635
556
499
474
546
563
714
989
889
474
528
513
490
515
593
624
568
516
548
544
557
527
562
571
533
570
548
472
461
583
542
463
476
554
674
655
604
1097
552
583
661
639
619
547
566
575
534
543
620
640
559
587
622
662
508
500
543
617
619
584
508
459
599
771
553
496
616
577
476
444
565
568
544
489
543
505
514
561
537
524
498
528
591
567
483
527
457
430
411
526
521
535
463
481
503
424
460
496
456
566
524
538
528
462
506
571
536
495
510
412
394
459
535
573
470
458
461
503
601
521
540
545
510
474
479
532
575
553
566
523
502
560
491
536
622
611
597
628
510
478
498
553
542
617
598
574
578
511
576
525
597
557
474
509
554
540
496
481
541
545
458
503
483
523
487
477
515
500
470
515
533
538
506
513
509
471
426
476
433
409
434
385
348
380
469
451
368
348
365
376
421
394
347
346
311
353
361
313
329
325
404
264
320
267
297
296
255
186
236
176
294
344
235
195
321
354
345
267
257
305
289
278
241
359
331
216
325
263
235
265
353
295
265
305
215
315
325
231
227
306
327
318
362
379
332
250
295
310
327
384
321
272
333
272
368
423
417
439
529
429
345
355
375
350
371
359
388
330
389
424
356
352
383
364
439
464
452
418
385
411
402
373
426
470
472
434
397
422
406
497
572
436
495
942
905
438
426
412
311
431
434
399
413
443
447
487
478
456
438
401
412
458
1514
427
393
512
544
512
474
452
430
461
508
453
425
419
395
402
357
427
515
483
435
464
488
468
449
361
368
419
336
470
516
517
492
459
378
402
562
483
397
448
431
393
397
437
446
438
451
508
506
497
453
411
402
466
444
445
400
356
423
444
410
416
397
480
459
425
419
416
481
467
395
403
386
416
425
441
490
485
397
458
455
490
443
455
387
402
509
349
444
374
390
479
483
572
474
453
551
469
469
446
498
495
511
450
393
510
482
413
508
474
537
527
483
465
451
503
563
560
488
512
515
504
435
509
562
395
423
542
558
552
428
444
370
377
443
430
397
432
416
385
385
386
321
346
329
334
394
359
327
292
277
326
305
318
249
277
347
362
322
313
389
345
325
264
571
199
234
176
136
306
198
178
158
238
246
278
257
243
209
167
219
257
348
359
360
252
208
187
176
193
254
242
226
194
220
165
182
245
219
205
230
283
271
237
258
351
389
403
423
451
509
573
553
489
491
570
498
461
471
529
458
495
343
528
480
521
635
500
538
575
684
542
613
611
509
539
561
597
530
583
640
442
587
641
681
594
561
603
645
585
581
527
573
564
619
592
601
530
539
555
537
529
556
502
600
569
581
563
535
571
510
482
454
478
423
477
464
504
626
598
676
769
722
595
578
603
526
600
548
535
579
552
547
653
562
637
634
557
573
601
582
558
569
583
553
514
515
561
643
501
523
516
615
627
693
642
559
605
542
626
638
620
685
609
607
570
515
455
577
637
564
580
627
644
636
658
705
629
544
568
742
725
766
771
791
796
667
604
547
601
586
555
499
527
529
487
562
588
547
494
399
448
500
408
446
419
471
565
542
488
470
362
423
498
451
547
523
470
520
446
494
415
379
495
512
513
472
515
465
509
567
507
657
499
525
509
528
498
571
579
447
482
503
474
474
513
462
511
481
485
439
487
475
435
441
474
457
425
486
466
437
376
400
367
320
354
350
397
392
405
378
390
351
358
338
295
292
293
313
344
341
357
356
362
295
339
312
335
340
319
329
312
299
286
357
271
264
266
222
251
216
210
238
326
224
246
269
193
221
251
266
255
337
338
375
285
340
312
300
332
321
329
356
407
395
362
301
257
361
372
380
422
410
391
367
404
413
432
428
447
433
375
404
397
432
388
452
448
465
411
420
434
448
422
431
494
500
463
490
534
491
518
519
513
535
524
459
476
512
502
502
509
562
559
595
538
605
584
548
583
534
594
1042
1083
839
605
558
663
550
555
620
565
577
582
595
567
639
592
616
578
626
527
595
593
589
547
607
592
544
550
520
620
677
652
563
708
607
676
608
654
636
564
582
613
662
657
671
639
648
609
642
555
598
587
542
676
617
617
704
639
648
672
619
574
726
711
710
746
724
698
589
526
668
568
588
614
580
606
578
584
611
641
663
645
633
687
576
638
802
609
637
579
647
644
602
569
643
669
626
595
628
653
553
635
654
694
747
659
669
601
600
751
665
574
588
636
583
619
611
531
663
626
696
557
623
678
625
619
655
706
729
732
710
790
647
642
652
538
549
560
640
647
602
679
669
571
593
599
520
483
501
547
605
547
532
639
560
517
535
497
555
485
535
511
535
585
546
570
542
598
675
479
431
482
520
477
431
458
488
457
432
425
442
422
394
401
448
418
356
441
393
423
368
334
306
427
365
447
422
391
395
353
340
384
356
385
376
400
406
351
342
302
328
329
311
348
346
353
299
382
368
398
385
320
341
299
339
387
346
333
295
356
340
268
309
326
410
376
344
390
380
386
396
380
344
424
397
406
389
445
473
464
411
400
412
408
435
420
455
481
582
435
447
444
456
479
406
547
508
461
426
559
606
508
445
427
500
504
541
513
532
529
460
505
482
522
508
549
547
534
450
537
504
483
490
756
679
563
515
479
461
534
521
572
517
573
491
464
444
424
507
491
505
481
440
494
404
420
436
376
430
462
417
451
433
450
460
466
452
418
489
461
425
391
409
457
445
436
478
464
474
413
360
381
456
464
477
456
497
492
394
432
422
508
447
432
462
507
464
340
358
345
494
570
533
463
465
422
373
451
389
455
427
454
513
502
427
476
507
508
534
514
592
602
505
558
488
486
499
467
482
507
485
443
450
468
503
461
487
479
704
463
511
495
521
513
449
522
495
545
525
463
496
499
579
512
540
423
516
512
486
502
674
565
546
542
466
422
444
523
526
560
542
548
460
438
491
512
480
486
467
505
485
442
460
375
460
455
474
428
746
474
415
398
386
307
346
336
378
304
340
305
309
257
245
336
307
259
252
323
305
354
315
349
342
354
279
340
318
307
263
259
324
226
289
289
300
367
296
307
304
304
401
294
286
288
320
326
268
260
297
325
335
252
291
285
325
345
344
334
338
338
329
280
343
333
338
338
342
336
365
311
350
358
323
345
355
330
351
323
329
329
356
321
368
362
378
348
365
356
342
372
381
347
341
360
381
412
422
438
451
447
439
443
450
425
437
465
455
438
465
533
465
462
431
549
490
467
704
749
846
556
448
486
424
412
449
438
495
467
440
477
451
457
452
424
411
483
584
483
462
453
496
491
532
496
508
502
465
519
469
511
522
551
505
508
498
607
626
445
447
493
528
567
611
552
455
469
523
459
508
513
908
501
549
665
629
700
577
655
557
530
542
508
470
541
477
510
577
533
465
461
497
461
502
522
494
470
522
440
586
495
554
536
402
452
407
431
452
432
470
475
525
581
534
492
569
500
493
542
535
575
532
483
530
508
510
532
543
515
505
617
573
548
558
561
589
565
542
558
538
551
560
588
594
505
480
509
561
592
496
581
602
547
580
589
623
549
512
517
553
515
558
535
503
508
558
522
529
515
512
515
488
507
477
490
488
544
496
468
374
410
456
468
496
511
447
438
440
467
462
441
454
537
428
456
447
472
439
422
417
446
408
396
447
429
348
436
376
387
335
437
420
402
422
382
409
362
402
424
368
343
407
366
343
336
330
349
341
371
366
363
396
420
393
365
378
400
344
312
322
332
312
302
358
355
351
361
376
344
387
329
325
347
350
356
343
385
399
352
311
371
350
340
338
367
380
408
389
380
433
421
650
390
375
382
364
384
427
426
402
392
379
378
394
423
443
430
372
380
442
402
372
445
461
374
410
541
546
610
569
546
496
731
653
573
495
535
499
513
535
481
523
526
566
534
569
534
608
563
538
565
545
571
510
592
595
582
570
542
542
529
539
505
583
538
559
587
505
550
525
592
585
502
570
526
557
510
570
850
459
513
445
438
429
454
336
388
387
350
349
344
358
339
383
462
493
541
495
475
491
471
668
593
602
712
608
520
585
586
570
582
532
598
534
534
572
564
521
547
557
539
576
556
554
561
583
542
661
584
573
521
557
566
556
540
583
583
561
628
589
587
579
587
589
581
617
606
578
559
575
572
629
655
743
577
569
558
571
663
623
621
682
650
603
602
653
624
654
657
667
632
703
656
644
612
640
648
687
632
608
633
568
573
578
603
602
632
668
618
559
587
608
541
503
613
536
608
610
569
547
534
534
537
551
525
542
492
450
507
506
507
516
478
493
420
453
432
456
466
437
454
393
466
423
459
437
456
456
428
456
438
480
402
472
445
437
394
441
431
434
442
418
447
397
367
340
430
365
428
413
433
410
438
418
449
447
449
398
451
419
445
436
412
419
469
449
451
476
455
475
468
409
438
441
438
685
403
420
475
571
500
471
462
502
441
516
511
527
542
537
596
531
574
527
577
557
573
484
555
517
539
597
536
515
532
582
637
572
626
574
599
586
579
603
601
553
501
516
638
594
560
578
650
971
1046
615
633
554
591
598
645
639
578
565
564
536
553
569
528
528
527
517
517
538
588
606
606
583
584
604
602
549
510
532
563
589
475
479
524
490
513
538
560
650
621
560
567
528
609
556
610
485
571
503
541
540
538
517
562
543
536
527
572
566
599
598
493
483
542
570
535
566
513
578
600
536
549
546
525
582
568
560
547
580
611
625
616
636
687
639
639
621
606
617
566
638
595
547
598
600
585
580
656
638
613
627
627
594
598
565
570
610
647
620
616
599
652
644
592
644
651
579
666
655
686
671
620
691
681
667
632
596
673
641
599
620
638
614
622
481
637
667
759
708
640
667
652
631
673
549
539
592
547
569
590
602
465
521
545
518
579
590
622
602
626
590
613
532
485
537
558
552
581
456
560
558
539
577
534
485
528
468
475
479
501
542
518
463
512
428
508
597
584
575
548
594
579
540
528
503
526
520
479
558
457
596
618
461
492
482
509
447
501
384
402
386
355
341
400
370
370
377
299
385
317
403
300
370
431
419
412
466
383
409
408
399
410
391
426
411
404
408
352
394
375
423
402
447
417
387
444
485
475
412
481
461
478
476
515
471
493
480
515
475
494
485
487
514
575
577
543
586
580
570
605
604
551
508
539
588
534
535
598
497
577
520
515
482
482
491
538
561
503
542
693
949
959
516
549
496
606
544
475
465
549
549
496
484
496
563
540
529
545
557
495
525
498
457
527
476
527
541
546
574
529
486
528
497
479
553
546
550
529
511
493
489
508
506
530
482
514
513
527
552
580
537
513
561
551
526
486
513
534
571
535
662
507
539
509
533
483
492
329
411
452
378
416
405
479
437
444
484
410
404
379
375
429
368
405
381
401
390
329
356
367
380
405
405
428
492
414
445
442
457
478
426
438
430
423
442
444
503
468
525
514
507
502
531
486
495
570
549
558
543
513
532
665
737
684
722
747
717
507
547
578
558
549
576
541
556
645
588
646
564
525
566
616
530
553
493
570
602
549
512
552
513
478
495
473
470
560
491
737
936
610
588
553
590
624
567
558
561
493
484
445
522
457
472
471
446
427
391
455
425
419
434
416
395
378
400
422
480
436
438
466
427
420
443
409
385
443
352
397
341
374
330
360
391
442
477
497
565
467
428
411
421
446
419
442
413
431
454
469
453
446
450
583
404
450
430
427
465
424
467
451
421
478
461
449
458
395
443
453
507
481
489
464
498
543
505
478
470
461
506
504
544
502
532
551
579
554
511
536
513
567
534
613
582
578
514
592
528
542
553
498
494
545
559
475
559
577
547
517
587
557
508
517
602
482
559
594
554
489
544
572
568
546
540
562
522
527
530
567
591
544
507
604
569
545
491
586
539
524
611
538
477
530
549
512
463
546
553
522
553
462
442
559
483
499
496
480
447
493
535
538
533
582
540
617
625
548
540
550
587
612
575
616
608
548
511
539
542
618
467
540
524
552
603
557
474
517
507
506
501
579
616
605
605
519
497
542
527
484
529
532
514
489
506
477
452
485
496
478
449
457
493
451
477
469
405
362
424
437
353
510
357
430
439
407
440
486
509
496
504
529
533
554
474
473
515
537
510
490
497
543
545
577
618
577
666
703
618
730
674
718
598
583
559
579
606
531
586
582
541
538
503
551
532
522
511
520
