78
188
218
217
363
349
353
339
322
369
411
349
306
303
313
269
210
293
272
264
263
219
191
156
110
157
349
286
253
274
165
176
136
171
160
104
121
110
317
207
192
165
175
228
215
292
305
389
394
403
411
395
344
358
447
466
526
519
448
456
430
446
449
503
419
492
506
551
436
547
652
721
442
388
493
494
561
530
588
508
478
527
428
618
353
478
403
433
283
184
276
365
487
381
435
414
373
567
403
430
390
463
454
430
463
465
508
483
479
491
420
471
339
504
308
362
556
410
445
421
414
438
406
418
411
423
475
360
379
590
539
475
635
604
427
327
275
1191
380
1789
363
329
466
334
401
303
379
389
339
339
397
269
303
237
266
176
372
155
251
261
373
570
448
536
492
535
989
1432
1212
869
896
634
747
1852
1228
1665
1555
1839
1776
2156
2893
4088
7309
7750
8438
7705
6168
2241
570
534
508
597
626
601
623
695
486
429
263
290
577
581
542
506
446
887
1238
759
672
844
1262
1849
1985
1409
836
1484
2486
1989
1267
1001
1296
1452
2048
1421
1668
2336
1154
1140
1229
1218
1453
2197
903
1429
1362
1878
1754
1929
1770
1900
1558
410
868
1230
1363
503
1505
1168
1126
386
370
1022
1325
1936
1345
1644
1085
1577
1130
1894
1562
861
480
1040
1235
1466
692
1043
825
1060
523
533
1164
649
1762
1919
1780
1991
1594
251
478
2266
1676
535
2386
1713
1044
1621
1302
1589
1064
1236
1183
955
1491
1657
1710
766
587
480
500
1154
534
485
315
403
415
478
465
459
384
582
1018
688
528
568
1887
663
865
1003
782
1797
1402
2587
815
1438
677
789
1366
1550
1573
581
394
596
798
1466
1722
2516
999
1008
1157
682
714
516
741
1696
2366
596
1020
1422
1382
1578
1160
1256
1498
1396
739
602
1728
1998
1500
904
746
571
964
1444
1144
1145
444
515
416
494
1331
887
395
422
416
388
379
1105
674
585
1080
1278
767
619
543
660
399
474
551
640
986
931
1218
853
781
878
728
853
818
1622
503
620
754
565
257
348
306
590
434
546
272
243
335
277
266
344
609
445
347
438
671
954
991
847
1119
1663
2951
1920
1401
1756
1573
373
594
1006
784
1168
797
1597
2329
2860
1911
2216
1127
1241
1477
543
451
413
415
695
570
779
726
1111
848
776
868
930
738
535
808
748
750
702
493
731
463
695
478
931
487
843
956
745
1057
857
803
783
588
709
442
760
676
359
384
863
1494
2386
1802
546
416
443
408
434
437
414
336
411
374
422
437
406
433
327
457
414
370
435
365
422
394
382
396
449
386
468
388
416
385
361
316
333
380
290
332
308
1124
203
197
225
223
190
192
666
245
558
173
157
166
360
501
219
266
436
312
302
959
548
166
195
282
239
352
295
231
258
289
278
341
602
493
465
378
480
468
528
447
473
460
421
530
404
476
605
524
618
450
397
545
462
545
568
498
458
386
423
590
599
444
483
405
502
449
497
543
398
476
534
534
554
518
531
379
490
514
518
476
388
428
420
393
457
496
437
413
423
359
489
426
407
391
423
419
408
427
420
354
424
475
511
459
408
434
410
433
370
471
484
396
396
385
357
407
347
382
329
236
329
362
515
556
466
472
1516
449
324
413
353
292
252
124
187
215
190
251
305
151
178
83
154
302
260
152
214
194
229
627
794
250
481
444
389
353
340
463
420
435
340
448
580
1062
1236
1078
1071
1079
716
412
436
451
569
513
489
634
605
511
458
432
432
420
520
456
531
462
530
576
1545
1047
695
1613
2190
2104
1522
779
962
944
2454
1272
955
962
1411
1201
1721
1403
1793
2807
1306
1340
2376
1746
1793
606
1590
549
1101
1577
1863
2086
2046
983
1537
1191
1953
782
889
422
476
616
1200
1849
1388
1583
1254
1370
1061
1999
1437
945
459
1059
1059
1125
368
931
381
326
373
513
809
625
438
1303
690
1278
1843
3145
2145
1145
167
367
1642
513
480
1114
1395
1320
1114
714
1042
973
1020
941
946
1591
1288
770
519
454
990
739
493
279
289
991
943
346
364
361
405
400
313
418
695
1097
789
886
769
949
1040
1006
2000
1173
1955
1311
820
1412
1641
1530
554
550
665
684
1731
1089
1686
370
1319
714
653
579
663
830
2451
1657
627
1280
1482
1482
1633
1215
1310
1381
1585
1154
1127
1969
955
528
857
946
1096
1618
1143
1159
784
405
506
393
598
907
744
365
456
431
670
830
742
844
1126
930
523
449
577
471
449
412
431
820
1058
982
902
584
756
828
938
726
1549
680
568
784
437
337
333
272
238
286
281
542
320
305
227
218
239
1462
1712
625
590
376
404
667
899
1096
947
1097
1852
2773
3167
671
2096
1785
1312
516
1016
1076
916
1280
1376
1476
2393
2713
1877
2609
1822
1229
656
700
610
500
747
767
673
539
689
1337
978
1094
937
746
926
896
705
542
827
439
614
1133
1113
1113
1326
1826
809
575
610
479
876
492
523
467
714
522
593
906
488
418
421
979
1759
1804
1571
386
449
427
489
399
296
350
350
346
481
354
440
408
506
414
403
435
443
442
460
481
424
449
437
386
469
370
398
443
352
399
407
321
386
312
261
289
282
320
331
258
251
282
245
270
193
431
646
149
235
131
188
206
227
446
207
501
412
391
435
442
433
1314
474
505
408
424
476
485
564
447
492
514
859
664
571
565
545
544
539
539
586
538
576
597
559
627
530
603
685
620
643
661
585
692
700
661
684
795
762
643
640
664
622
605
922
598
659
630
680
643
709
501
367
498
429
419
653
468
473
383
479
472
497
441
415
402
458
433
426
437
388
783
850
490
412
424
430
464
412
562
443
375
496
463
519
441
509
404
466
468
536
533
447
480
475
460
543
408
503
529
438
508
427
435
398
339
342
322
484
358
313
295
1289
267
534
599
240
257
214
228
247
244
349
359
307
241
200
289
204
267
267
382
237
324
305
356
195
406
562
460
450
315
364
457
449
345
396
477
520
494
461
364
415
645
449
453
461
414
449
457
463
577
469
409
407
465
504
463
608
488
508
525
390
1279
910
640
925
1391
1965
2964
1277
1000
652
2017
1196
668
625
688
992
933
1300
2051
1417
1402
2378
1214
2553
2799
959
1151
1137
573
1294
1745
1875
1863
1269
1144
3393
1303
2137
1152
1352
781
383
772
1064
1833
1409
1462
1244
1083
1265
1853
2155
1594
1235
1815
1923
2065
1481
1429
1884
1683
674
471
372
831
622
656
764
403
1418
668
1151
1801
2128
2692
1548
429
657
3258
775
1033
816
1240
1727
1622
885
742
1272
776
1286
2133
1342
1000
1259
1248
975
754
507
505
997
582
526
240
591
487
293
300
371
541
401
323
342
510
803
590
710
679
788
891
783
1008
1587
1247
2160
666
1641
2165
783
578
664
708
1156
1150
1794
650
1357
908
784
692
696
848
1071
2302
1830
884
1275
1432
1457
1555
1653
1376
1026
1325
1442
981
1273
1520
563
609
598
891
1200
824
773
675
340
501
379
744
711
663
499
455
404
930
725
1202
855
1215
960
708
489
480
574
588
771
651
782
1140
1169
1180
641
708
767
706
780
850
1450
529
1458
1658
1435
1437
1107
771
1255
1235
2237
1837
252
418
284
468
173
246
233
436
2184
737
660
373
543
571
862
838
775
732
941
824
2363
2374
1866
597
2097
1492
1102
487
850
1100
1197
1173
874
1438
1943
2571
1936
1765
1861
529
1168
947
1791
975
562
775
631
526
559
667
1641
1698
1291
1106
1160
825
769
827
513
703
540
583
773
470
896
548
709
498
699
689
543
586
437
881
444
700
870
525
483
597
846
1315
1755
1820
398
362
368
348
361
310
400
437
361
365
409
466
408
367
319
446
415
389
452
344
319
390
438
338
445
379
379
398
444
346
357
361
448
334
342
340
233
348
268
276
241
308
343
223
201
414
466
176
258
215
245
812
1334
283
355
316
225
170
238
217
418
770
201
416
228
210
173
165
243
371
612
277
261
289
286
248
271
292
322
325
263
338
367
265
353
312
340
381
427
390
492
335
345
418
333
476
350
394
301
352
318
321
404
330
298
456
523
373
316
254
356
325
1007
3231
1415
370
278
398
331
958
1080
907
1038
605
398
351
397
300
435
524
556
559
619
316
406
370
423
326
387
1032
1129
396
491
464
479
358
536
764
789
780
917
967
1318
1281
1198
1273
1229
1098
902
1188
1139
240
263
824
360
399
551
238
154
198
142
180
163
269
378
235
167
180
187
159
242
282
242
198
332
308
217
307
983
879
787
362
356
304
461
375
399
482
438
1264
596
608
498
482
660
586
608
507
319
448
482
461
571
526
410
518
404
470
815
713
418
428
436
817
1020
527
599
691
1006
1495
2365
2093
3309
12963
7282
1744
848
501
721
1417
3199
13157
10073
32406
1454
1309
1556
2714
1283
2207
3023
894
1958
670
1271
1251
1832
2017
1814
635
807
1533
1714
782
803
368
373
823
1255
1760
1092
1355
1000
1268
1321
1887
1464
920
759
1171
1021
826
663
850
378
433
1499
966
1007
445
457
552
589
1386
476
1083
1246
1829
2198
2258
366
1359
1117
954
460
1129
1724
1334
1032
838
848
1054
672
942
940
750
851
1172
1359
683
514
311
429
989
737
753
1261
664
564
399
638
677
488
475
540
535
837
909
662
889
741
674
905
793
903
1591
1085
1669
1272
781
1915
1693
438
531
595
945
1306
1522
984
791
585
700
594
769
1498
1769
749
960
1381
1319
1344
1592
1184
960
1109
1249
871
1305
1115
627
736
470
853
1155
960
573
653
444
345
509
813
836
527
506
415
494
983
490
635
864
1244
691
459
492
525
435
537
420
499
1032
1124
990
586
523
778
519
597
1069
788
513
743
606
309
217
193
245
1219
1361
595
509
666
732
712
459
232
426
295
1601
1164
540
399
450
466
917
746
756
589
968
691
1931
2022
2246
494
971
1251
1274
525
943
1190
1131
1259
873
1931
1046
1135
1547
1467
1371
854
1186
814
1405
1479
1452
384
581
751
482
352
224
243
505
830
980
1104
980
1074
759
986
717
737
855
890
534
587
432
426
703
530
477
571
733
591
823
495
371
610
851
900
2262
1991
1049
407
414
314
445
354
382
379
354
413
321
507
390
349
556
352
445
510
336
438
394
334
407
430
377
473
335
452
391
377
496
396
365
432
362
360
382
277
300
235
313
303
208
330
162
497
442
242
241
233
254
229
1078
581
1094
744
206
168
219
174
342
175
251
214
233
314
225
1257
251
634
461
350
319
252
318
314
407
358
471
398
430
451
278
355
458
398
394
385
623
752
470
495
535
527
365
345
407
405
347
384
439
380
367
445
382
411
447
388
479
500
363
417
652
487
562
396
433
386
392
462
438
357
403
293
459
465
322
452
419
367
509
404
377
358
396
419
390
421
630
530
569
767
566
471
541
772
950
801
449
373
459
409
372
404
394
395
386
363
339
337
222
289
207
967
223
395
852
872
646
506
655
652
1566
1558
1408
342
331
390
188
210
218
275
208
327
326
295
234
354
365
258
229
540
445
596
352
284
897
872
791
431
294
449
448
527
469
444
443
467
576
592
624
595
585
683
618
627
636
682
685
616
550
564
620
562
595
684
1120
1175
555
563
530
648
677
579
662
605
640
584
686
527
578
570
512
924
1601
802
781
1313
2210
3403
2007
1663
1901
2714
1025
971
1407
1377
1263
2069
2248
2575
2716
1640
2545
2849
1738
1622
2114
3025
3436
1326
2185
1628
2161
436
1213
3021
1776
2163
1538
1547
2066
1529
653
876
1189
1119
782
655
827
280
406
527
1157
1153
384
343
158
738
1346
1031
905
1790
1780
2572
1145
167
2188
880
352
344
992
2036
1373
756
544
1081
498
701
1521
1363
1340
980
1245
1101
952
720
306
469
545
1131
716
693
1492
512
559
526
531
611
449
556
682
620
1072
1005
771
997
848
779
928
950
1215
1815
1663
1144
2231
695
1120
1776
950
498
597
689
1607
2071
1662
628
600
546
533
561
490
647
1762
3666
1173
2224
2484
2224
2166
1953
612
992
1083
943
953
782
620
645
640
1393
1592
1262
506
540
937
911
427
384
465
410
1035
543
716
926
1393
756
539
456
432
443
493
442
497
660
1115
1171
829
984
1134
771
824
1082
939
560
953
418
330
285
257
249
933
579
588
511
263
343
234
259
199
530
749
623
1968
1809
738
370
443
663
987
1121
605
1087
598
801
1483
1726
1652
1374
451
684
1169
1175
1377
830
1074
1016
938
1229
947
905
1891
1590
931
1181
1802
1597
2593
1506
1623
1675
829
429
802
670
500
379
1361
1181
1150
1250
1008
619
982
857
947
911
757
457
892
745
459
476
863
922
482
472
487
442
458
406
405
619
478
548
389
387
458
428
377
421
389
606
611
568
625
619
560
512
578
572
572
529
717
839
1042
692
578
597
638
567
650
588
566
445
624
618
631
413
439
412
472
368
397
435
393
396
320
422
292
363
274
333
570
942
561
292
278
264
326
220
265
182
258
149
361
361
254
200
181
209
236
249
264
274
266
296
311
736
921
199
281
264
338
363
425
433
526
495
469
353
364
231
318
205
203
310
321
350
281
216
240
67
131
114
117
116
98
161
100
83
82
148
112
133
121
130
74
94
82
102
49
63
82
47
88
76
37
28
33
34
123
245
260
299
348
291
363
269
333
292
316
380
251
427
272
366
245
343
274
301
791
891
457
344
323
400
279
335
345
285
385
343
393
327
328
333
330
497
184
281
422
399
432
327
415
963
1692
1864
967
202
196
304
323
342
286
194
213
170
307
294
1787
3037
3582
1933
203
238
269
320
315
432
362
432
390
363
429
339
381
339
347
410
351
421
377
353
452
383
371
378
366
434
488
745
503
516
594
530
541
566
574
888
735
890
784
814
629
443
519
497
532
736
1043
2015
971
642
588
623
608
604
604
558
616
491
435
496
464
440
495
462
379
429
414
300
366
496
652
747
736
629
546
708
546
612
420
479
396
447
396
396
353
412
426
347
415
376
460
383
404
460
305
356
308
240
442
282
313
194
197
224
213
257
331
451
311
339
398
356
623
671
656
522
466
366
437
419
441
609
484
530
518
472
585
696
512
518
487
620
696
759
618
618
509
613
584
534
445
538
524
529
514
601
525
445
611
489
553
850
366
622
616
509
594
434
565
415
321
377
388
459
577
446
546
503
514
478
505
477
564
560
446
610
514
543
594
547
577
660
499
315
445
495
479
499
439
335
401
1324
1134
612
1332
1152
1332
1271
2355
2009
1656
1558
995
692
2244
2355
1101
805
420
749
413
801
922
977
357
1052
1577
1045
1450
1343
1228
2360
1385
1086
1189
1483
2089
2414
2136
461
1797
1510
1201
1254
2055
2246
2078
2295
1878
719
781
1799
848
2384
1329
721
724
461
906
915
1485
2308
1148
1232
1570
1613
1707
1341
2417
2031
2195
1213
995
705
1214
1437
1301
1253
591
583
525
682
382
454
441
649
655
643
417
550
404
490
390
543
465
476
513
406
661
580
684
1501
938
768
977
1326
997
680
637
449
547
690
1816
835
1174
1083
893
2069
1996
2244
2074
1816
669
549
2705
1479
693
440
551
630
702
981
1165
1525
1644
1211
1152
939
822
690
1156
1295
768
990
791
1571
2412
1097
976
1326
1398
1880
1044
743
1118
719
676
607
700
639
863
1210
1008
768
846
769
1535
1185
642
644
512
490
641
638
626
595
520
615
500
762
677
766
768
1169
1074
1131
1051
605
964
3012
2542
685
930
1120
729
1128
1255
1159
1252
1039
1254
2314
1997
620
865
1714
1955
1926
565
587
676
505
787
694
1336
1845
2244
2105
1222
732
896
696
1155
1108
3283
2053
1197
1495
2187
2118
2387
1823
691
1026
965
1411
1661
1031
1248
1202
1351
1438
1407
941
749
582
666
774
1224
694
824
1135
860
1787
1746
1335
1274
1025
1783
1186
618
1025
1075
1041
1030
1491
1732
1224
857
782
874
659
877
647
870
1564
1397
1522
935
828
908
961
1034
2026
1224
1037
1250
635
549
548
559
553
614
1803
1074
1235
1197
953
638
543
543
609
574
582
531
585
598
570
553
610
618
568
556
483
655
479
573
545
452
528
372
2090
2029
787
748
570
661
559
922
1242
1388
1330
1044
1001
1299
1103
762
619
638
1254
1450
1107
1230
1530
1318
1784
1807
2811
1167
650
694
549
785
1104
974
1521
861
640
1075
1040
700
1045
1018
1084
1112
999
1177
1087
1483
752
913
643
1749
1113
1664
1743
1394
602
592
1104
1719
1795
1218
1083
2003
749
1387
1796
1079
559
524
853
801
574
545
1286
819
748
687
877
721
778
992
972
1174
559
1014
745
901
1125
1051
491
513
1152
1033
558
656
501
422
546
713
734
534
1075
1255
777
613
616
645
515
572
681
657
641
693
727
496
674
609
579
755
542
644
679
595
670
631
652
669
754
637
602
693
693
687
690
704
599
650
622
521
635
573
603
606
487
530
599
523
690
654
631
640
699
835
628
543
672
606
768
503
515
722
607
522
235
544
437
567
280
538
360
412
240
318
350
223
390
287
438
431
496
443
463
414
527
428
470
449
573
496
551
843
721
611
498
515
523
517
430
444
463
526
418
589
533
564
488
485
570
459
576
492
595
575
486
521
547
578
466
523
525
527
364
442
560
668
468
522
511
497
578
414
573
493
407
500
353
398
509
842
758
451
428
458
371
364
349
971
1284
365
434
412
388
403
297
370
463
432
369
425
435
431
439
741
946
999
1102
420
1146
355
332
311
391
303
371
489
859
828
198
277
272
175
193
213
122
222
251
237
225
185
226
207
207
261
405
107
138
245
296
173
171
154
238
287
316
645
745
242
457
439
463
460
403
544
479
384
349
398
427
447
509
488
415
571
588
460
486
564
874
577
524
625
506
544
445
493
576
371
439
464
471
510
381
636
456
529
460
498
568
485
627
559
496
618
563
526
469
493
517
412
364
427
398
318
401
495
567
536
459
480
719
509
359
385
486
485
414
423
513
530
544
543
507
442
436
609
482
653
505
496
459
474
412
372
529
494
422
512
2374
2958
3401
3507
1033
436
524
507
405
443
455
414
424
444
366
364
355
362
329
366
534
474
424
506
346
384
203
213
231
185
246
265
352
283
283
283
371
549
495
381
254
321
510
408
327
498
432
499
415
457
412
417
496
702
629
592
668
745
750
827
527
536
522
545
513
498
598
558
637
517
1071
1190
645
1339
1138
517
645
537
612
520
616
513
471
399
449
369
373
561
383
383
345
438
370
341
400
339
450
385
375
378
283
324
435
316
403
405
365
341
340
380
365
412
426
390
363
355
409
341
351
310
340
378
248
254
280
249
336
296
252
191
211
203
216
124
175
128
136
141
166
153
162
398
130
198
127
131
151
192
251
266
211
246
289
250
390
317
657
508
494
552
332
440
360
413
471
416
513
414
546
421
478
495
462
329
350
296
339
447
482
591
441
368
399
286
323
312
303
258
412
309
380
292
303
378
348
411
311
260
305
288
286
266
274
322
419
319
373
288
411
590
904
799
427
352
408
355
364
344
313
435
388
411
464
341
449
416
386
404
1135
1273
722
623
894
1125
1571
1974
2257
1679
1609
992
1465
2524
794
694
699
559
870
780
1568
1246
1381
1518
1094
2050
1350
1080
1736
1478
1929
2719
981
2143
1181
1699
2540
2395
2770
993
759
1316
1054
2316
550
948
313
1247
1994
2247
1734
2167
1981
1934
2589
2221
1331
1175
1818
1847
1548
284
278
325
330
338
334
371
342
306
340
428
351
350
410
1325
1166
728
1050
953
655
424
465
567
1569
633
1204
797
1552
1766
1878
2200
2215
1250
395
1655
1776
1349
641
429
467
528
721
1429
1672
1222
1012
914
524
446
998
1120
579
703
587
2091
1624
968
1000
1265
1964
979
811
789
602
474
676
518
768
982
900
573
702
742
1001
1291
510
512
514
463
540
518
375
392
426
414
496
521
440
595
953
854
680
836
297
758
2810
2140
324
848
474
799
1096
786
959
951
2146
1240
570
886
1874
1737
696
229
179
188
480
462
1298
1392
2456
1830
827
1968
1192
3118
1853
941
1751
2104
1094
1766
2212
2020
1797
2056
1643
496
735
865
1096
1328
903
545
576
655
798
874
745
614
552
619
960
603
595
780
816
902
613
722
1361
1658
1250
1369
1739
875
855
607
1026
509
828
1266
1800
983
792
536
456
448
428
590
1359
1562
1246
955
615
996
843
1520
1541
809
1186
605
410
381
426
405
1420
959
1001
1156
1094
978
518
432
448
495
465
393
408
509
522
561
594
629
541
526
714
513
442
390
306
377
304
277
1286
2786
1032
929
448
340
342
524
921
1148
1338
602
656
797
812
276
251
346
572
1253
744
304
192
240
195
219
278
152
1495
1187
1226
1345
1498
1733
2578
1086
606
521
560
486
840
1164
1295
1076
653
639
725
1259
779
694
767
729
1192
910
784
1120
1123
1271
766
818
589
1802
1196
1654
2108
1601
1023
1668
1868
2021
647
1741
1255
1101
1675
1168
468
583
1111
891
734
494
1519
1125
1210
1111
815
782
1266
714
691
973
951
958
915
796
790
435
803
998
513
562
466
473
449
473
449
422
434
452
480
444
400
544
483
498
472
506
478
452
697
973
912
508
446
326
306
407
406
327
285
279
287
212
205
194
215
182
186
180
187
204
154
151
198
186
130
311
405
242
332
324
155
165
204
199
240
217
348
230
336
307
345
479
546
482
489
425
477
497
530
441
558
540
573
645
642
666
713
638
524
418
563
467
489
551
597
512
625
563
545
550
545
485
529
473
490
495
488
547
456
650
503
594
617
622
670
495
490
509
647
521
534
461
469
358
383
328
496
401
754
1122
763
513
953
1496
440
565
534
609
530
475
487
496
470
568
491
518
477
426
637
775
1046
1193
1132
491
1044
