13
14
17
14
15
17
34
27
36
27
44
42
31
46
31
53
33
39
32
51
37
34
49
47
119
72
51
49
64
70
64
56
58
61
58
62
58
70
82
60
50
52
71
69
60
45
75
52
60
56
62
61
65
72
63
77
77
67
72
76
82
77
64
59
69
55
46
66
57
49
56
55
53
53
57
61
44
56
52
60
52
55
59
58
44
48
52
58
33
44
33
37
32
47
35
65
74
59
42
33
49
52
45
54
46
45
44
41
40
58
60
57
49
50
40
39
42
49
44
47
30
32
24
24
67
30
26
35
28
23
21
31
34
20
16
15
25
20
24
30
31
30
29
18
34
32
31
22
45
203
48
51
59
45
54
56
48
49
62
34
32
47
34
33
100
33
35
25
38
27
37
28
21
38
48
27
34
17
22
17
29
22
33
21
27
31
32
29
43
29
22
27
31
33
25
22
14
18
18
20
19
23
25
22
17
20
21
21
16
16
29
22
24
34
27
175
50
37
39
40
37
32
36
32
40
26
48
29
28
25
35
27
29
31
32
27
41
35
25
32
30
33
46
58
52
20
48
43
41
35
50
67
56
71
33
29
38
43
51
60
88
78
65
72
69
60
78
87
65
84
67
51
74
87
73
71
72
53
76
82
73
75
77
62
73
74
76
71
66
81
40
53
66
64
58
65
65
52
64
86
92
58
92
89
80
77
81
59
85
77
107
95
80
87
120
84
116
87
80
81
127
84
96
91
80
75
78
61
69
105
96
74
77
80
53
93
83
85
61
62
87
102
80
77
77
82
67
93
89
76
87
117
93
84
80
75
55
79
71
85
88
68
63
104
106
111
79
91
90
89
82
108
99
94
80
98
105
104
84
81
80
63
89
81
111
96
115
98
79
116
122
118
128
111
138
75
129
222
100
106
55
66
78
109
93
72
53
64
70
65
92
95
88
107
75
83
99
97
83
96
87
70
90
74
133
104
117
102
97
80
83
99
99
112
71
111
102
124
108
119
97
98
74
84
84
74
77
79
88
105
85
113
103
83
91
74
69
74
97
72
85
87
183
127
89
77
85
74
44
75
53
73
81
92
75
98
71
95
84
69
47
88
68
76
76
77
74
84
75
83
51
64
34
34
24
63
21
39
23
28
39
32
36
35
62
120
97
39
60
50
67
103
76
70
88
100
66
79
58
53
106
65
76
61
55
79
88
101
83
70
78
59
81
71
75
59
69
63
71
74
85
124
125
111
90
78
63
60
76
75
83
59
70
59
111
80
75
77
63
56
80
55
76
75
83
87
129
92
84
80
70
76
75
63
83
75
79
88
82
99
77
91
79
68
81
94
85
81
92
76
104
83
119
75
87
64
72
184
70
40
74
71
76
114
97
92
99
78
100
96
65
73
71
69
86
82
78
80
110
98
63
73
58
69
55
49
67
75
89
81
124
87
83
54
45
44
55
69
69
59
62
56
79
62
112
84
77
130
99
92
74
68
65
83
67
85
70
99
62
76
91
72
71
79
80
80
77
72
75
96
64
69
60
84
78
79
98
68
75
79
74
79
60
61
100
61
91
67
70
73
68
73
87
73
73
68
89
83
69
71
81
84
63
100
86
85
66
51
56
64
92
49
70
70
63
67
101
83
76
63
113
180
168
185
107
46
38
45
46
49
100
82
132
130
95
113
110
147
108
109
107
115
102
111
114
92
72
75
61
62
72
76
42
56
51
55
54
41
35
53
61
45
214
393
421
80
68
55
58
46
48
118
177
607
772
121
79
82
78
68
59
61
56
62
49
57
60
68
63
79
123
101
70
64
57
64
50
60
67
58
59
61
101
82
68
59
67
43
57
56
46
46
54
60
95
77
83
94
68
98
48
45
44
51
50
80
75
53
38
53
60
59
109
35
55
54
70
137
62
36
44
74
40
48
55
81
73
35
26
55
23
32
38
53
46
65
64
49
32
44
55
29
23
32
36
33
34
34
76
76
114
54
40
30
20
19
30
29
37
49
45
59
34
70
85
34
24
30
48
61
50
66
84
73
80
130
111
98
98
85
87
70
75
75
92
84
83
99
86
96
128
84
90
87
93
90
88
78
109
111
86
95
87
86
148
227
277
274
312
340
276
203
154
225
242
209
221
184
205
268
174
80
93
204
93
137
188
242
176
98
121
112
93
111
138
117
111
108
140
156
143
346
333
377
308
258
375
176
297
360
122
124
155
393
314
219
388
312
356
218
193
323
240
439
274
407
289
235
378
274
342
286
378
328
336
337
324
487
285
516
893
938
316
257
300
388
432
586
698
919
1162
1115
1411
1285
1256
1382
1414
1317
1221
1274
1419
1718
1507
1770
1405
1428
1450
1548
1567
1361
1200
1369
1425
1147
1136
1149
1077
1112
1119
904
694
220
132
131
118
118
109
89
97
79
110
106
65
99
100
86
100
87
91
116
73
91
96
106
98
126
138
154
107
81
123
85
83
98
160
121
100
84
89
185
96
118
83
125
204
104
109
115
81
93
103
131
67
60
52
43
97
80
81
99
37
49
62
55
36
40
51
40
44
73
58
82
73
167
132
78
92
103
102
95
88
127
74
89
83
80
110
173
90
91
75
104
73
103
59
72
65
97
88
72
86
77
192
396
110
362
140
99
258
328
184
103
111
130
203
82
59
140
81
82
233
124
99
235
179
95
205
271
277
208
314
113
122
628
458
155
113
487
234
499
314
295
428
445
444
104
275
149
107
216
301
114
78
83
220
343
211
141
377
231
125
97
463
707
675
730
607
507
282
136
135
302
197
119
138
286
264
104
119
206
272
224
282
260
295
219
201
144
319
150
178
469
237
102
281
519
580
243
372
122
304
293
137
473
253
295
176
442
499
88
106
590
701
567
201
322
429
181
114
164
94
245
133
115
142
342
240
136
384
278
238
120
86
130
338
406
219
84
106
238
418
471
128
274
394
434
338
504
360
306
240
137
73
73
65
67
331
490
401
106
137
486
447
125
110
97
341
466
376
354
289
84
114
354
468
389
535
441
456
319
366
138
222
227
318
275
445
369
454
384
239
275
426
346
362
378
359
114
79
86
59
68
85
67
83
157
155
178
166
161
150
205
181
278
262
243
307
283
274
309
91
96
80
81
82
132
62
192
288
315
340
273
330
253
161
308
119
100
120
127
119
281
378
129
63
69
58
55
94
77
51
64
74
62
68
62
92
107
345
383
355
342
272
126
110
156
285
366
323
395
485
454
367
202
141
150
188
272
273
263
382
260
365
303
119
106
136
160
129
404
435
326
193
137
138
199
142
217
385
320
423
428
400
213
214
185
423
403
278
150
154
265
92
116
139
123
151
81
73
77
60
87
182
172
216
229
269
234
223
222
226
179
255
219
232
260
284
318
62
62
76
85
242
237
242
292
222
85
79
60
142
205
51
204
351
361
308
72
69
57
103
86
68
77
88
178
197
97
53
49
54
71
194
256
140
207
329
82
131
170
101
101
217
415
261
223
202
637
396
132
294
373
403
467
259
316
257
283
377
463
404
406
194
334
375
317
230
237
351
260
78
31
34
31
49
41
37
47
100
87
169
105
433
525
582
372
411
404
405
405
259
52
94
46
87
66
38
317
448
393
406
398
504
362
449
502
364
129
58
103
70
258
209
262
259
422
309
328
189
243
300
323
231
164
194
209
255
234
324
313
315
172
191
166
220
192
238
297
192
195
201
243
274
230
246
176
107
222
146
183
233
162
141
146
216
275
338
299
301
304
226
275
285
313
486
451
330
171
290
192
119
135
288
61
111
128
85
97
65
142
116
53
41
126
79
81
133
55
61
55
99
170
139
295
172
199
207
189
153
147
82
41
70
97
109
103
95
56
54
42
48
58
61
68
72
46
64
88
89
80
54
170
75
52
42
86
163
76
48
44
71
91
52
66
82
136
74
53
51
161
83
73
74
61
71
72
70
64
122
79
84
75
142
157
130
119
246
264
173
192
261
68
72
58
82
69
97
104
133
75
87
88
93
127
103
102
135
136
399
590
547
184
146
104
116
82
113
172
130
162
160
183
202
165
203
148
196
167
156
120
98
112
160
181
327
187
323
460
457
323
124
251
307
180
290
227
207
568
864
592
291
55
81
123
150
150
355
189
297
354
201
64
82
53
165
220
121
256
149
147
82
84
252
138
252
315
199
320
323
263
326
287
191
295
312
373
273
251
187
170
82
93
111
54
96
64
82
81
57
67
103
142
69
144
98
73
62
174
99
140
266
305
278
332
293
188
188
252
249
315
318
405
511
451
510
490
321
409
287
129
136
165
149
159
181
106
99
208
335
253
354
171
127
136
201
106
109
105
129
114
125
135
129
119
110
147
100
104
116
72
67
67
55
249
136
152
125
97
202
421
436
411
452
443
448
401
432
315
116
98
125
70
106
154
124
149
209
234
237
220
281
217
303
270
226
234
227
281
302
204
292
251
225
255
430
205
126
284
287
205
150
385
176
246
257
183
63
194
378
210
346
281
289
265
260
333
58
336
213
117
80
123
105
63
64
97
108
132
202
444
219
132
216
444
429
399
484
423
139
352
284
196
334
234
286
308
204
273
172
63
43
70
63
91
161
271
120
71
82
109
121
135
189
129
103
135
183
343
267
323
293
212
195
159
86
257
380
195
141
202
101
241
313
235
91
81
63
81
94
79
88
133
92
77
86
88
84
52
59
94
75
64
72
83
102
109
137
155
320
234
202
330
108
113
74
329
206
106
58
70
67
70
77
72
78
78
74
72
80
60
74
95
69
82
63
79
74
65
61
74
59
77
60
72
71
88
193
211
142
305
200
72
68
85
81
141
312
122
71
106
69
101
155
247
240
89
146
305
189
155
286
297
258
68
72
260
137
148
126
145
101
106
129
83
78
122
88
107
84
103
84
210
113
102
107
87
74
72
76
64
63
70
96
83
71
91
94
78
78
98
116
104
163
131
97
104
104
116
110
125
203
189
225
290
135
170
204
93
177
314
357
134
166
131
191
170
235
105
112
130
138
172
160
106
90
175
139
176
194
158
142
99
195
196
161
50
67
46
225
210
181
129
114
108
138
184
195
156
354
358
310
328
206
50
70
77
143
84
105
95
94
117
142
98
160
159
120
121
133
129
144
172
146
42
39
42
35
36
46
64
51
66
50
82
52
72
44
38
59
64
58
55
53
109
259
73
60
63
98
144
28
45
52
287
112
77
51
44
40
31
42
83
63
33
29
23
41
53
56
55
46
72
68
64
63
30
38
44
57
64
58
75
41
57
50
32
33
74
43
49
50
101
79
89
116
113
142
119
115
72
107
35
56
84
84
70
33
48
58
121
35
75
61
116
92
63
69
74
159
238
162
143
206
170
192
152
204
207
209
132
151
162
182
101
72
212
188
210
257
246
230
112
45
100
220
351
502
587
473
450
504
513
655
665
628
482
191
62
123
72
206
328
423
354
255
596
141
324
295
157
588
425
288
66
154
122
59
92
40
38
62
118
164
102
68
83
141
248
151
176
174
141
260
100
189
225
33
57
293
219
109
169
324
75
102
209
160
180
98
202
436
326
169
214
501
148
545
462
463
453
279
477
469
658
689
445
163
281
404
414
443
276
194
575
425
363
528
110
64
133
300
333
371
343
112
134
199
215
300
152
318
499
119
143
101
58
79
118
97
135
77
68
58
73
73
76
85
81
64
68
102
96
65
53
63
62
85
65
61
190
248
161
78
76
58
119
154
203
212
88
86
117
81
63
143
223
111
141
75
216
140
307
224
288
163
76
127
122
227
202
90
108
89
172
206
295
173
105
86
93
132
226
284
180
68
79
70
87
129
163
231
104
125
65
62
102
183
279
149
111
77
89
126
87
146
212
54
156
125
116
115
125
202
142
172
121
101
119
107
77
70
87
99
106
81
132
144
146
169
103
141
53
72
87
69
79
77
129
158
202
88
59
82
100
108
83
95
105
113
227
193
204
137
75
62
74
75
125
140
138
132
172
173
159
181
181
238
133
146
137
101
117
171
137
155
141
189
188
230
224
197
179
210
128
104
83
151
159
188
123
129
135
175
225
97
95
103
68
107
113
87
126
199
187
123
51
140
68
79
70
65
106
86
71
68
174
206
142
142
133
154
158
101
85
82
55
56
62
57
75
67
58
80
87
62
114
46
87
154
236
244
66
56
60
351
591
567
583
431
411
427
309
121
243
372
387
402
408
123
62
79
72
94
70
73
71
82
84
71
72
82
86
88
76
65
75
90
62
63
82
73
71
76
99
70
85
99
92
55
72
75
72
86
100
58
68
57
62
65
64
61
47
68
67
73
94
66
72
66
74
62
75
61
60
82
72
81
86
67
90
93
78
72
74
58
59
82
80
70
82
82
88
53
96
76
70
45
59
57
70
56
90
106
70
88
71
63
81
78
68
66
84
75
78
63
60
59
67
63
65
92
72
98
77
65
63
63
67
61
73
78
62
94
76
69
80
66
69
67
78
67
62
71
80
69
59
54
69
67
72
103
74
70
78
94
94
66
74
65
74
72
69
84
97
80
87
82
67
64
62
76
70
77
62
87
78
72
64
84
62
72
70
80
66
55
67
58
68
70
67
57
54
50
68
56
62
51
55
63
70
58
57
71
56
66
65
86
48
47
75
40
47
50
64
83
54
62
47
67
43
37
35
43
290
264
159
346
90
53
32
33
35
59
26
38
51
35
25
24
36
30
28
26
48
68
57
39
46
46
26
33
37
44
21
43
29
35
42
43
23
34
28
20
39
92
414
80
37
37
24
28
22
56
364
42
27
19
123
52
29
25
58
32
20
21
20
27
27
37
31
32
35
26
25
27
39
32
51
48
52
144
112
133
146
56
28
57
42
23
40
23
37
62
39
50
46
74
47
115
99
59
69
61
79
41
39
27
115
32
29
27
66
40
65
167
173
162
178
168
184
169
183
91
45
34
48
35
34
21
19
30
29
31
27
39
45
42
39
82
55
46
38
38
48
51
33
44
46
148
67
28
33
58
46
53
49
52
45
63
44
34
37
42
57
33
39
51
47
48
50
57
61
43
44
43
66
31
46
54
55
61
63
63
53
59
82
39
63
55
66
228
169
58
45
132
143
64
68
73
119
74
81
91
64
67
65
65
64
81
71
111
86
92
81
88
84
70
80
105
71
96
99
105
99
73
93
88
75
93
74
73
68
76
104
80
94
82
89
101
86
68
75
78
80
85
66
85
58
117
111
85
97
75
92
80
70
89
58
60
75
72
85
100
94
83
107
115
106
103
127
110
94
84
87
106
79
110
105
170
106
85
77
84
79
73
99
73
83
61
51
65
90
117
121
110
99
59
81
71
79
74
70
101
102
93
98
81
137
92
91
84
94
157
92
72
83
73
138
82
85
87
75
128
63
66
66
66
73
80
72
61
69
64
66
57
80
120
109
78
147
135
76
75
84
59
75
261
80
73
80
75
82
88
100
64
102
98
70
98
75
64
69
67
73
91
126
71
64
87
101
64
85
75
93
78
108
76
76
78
90
111
90
90
88
113
100
100
64
67
81
70
67
79
75
101
86
70
112
97
84
97
93
98
110
80
73
97
140
80
176
97
87
92
64
78
70
67
71
119
146
127
83
94
86
99
73
61
66
76
74
63
72
86
75
95
121
73
54
83
108
80
137
100
101
86
77
87
118
76
91
72
93
54
110
81
61
57
76
79
70
88
86
72
73
64
84
65
91
90
56
68
99
65
58
76
53
63
103
99
65
96
103
80
78
93
76
106
94
73
69
69
81
72
67
69
67
86
92
98
74
80
57
69
68
52
63
50
80
74
104
78
80
83
102
80
63
67
73
112
66
71
84
63
84
66
77
76
72
66
56
73
63
68
114
68
69
73
74
105
75
68
56
73
69
74
64
82
108
83
63
64
61
65
102
68
67
71
63
105
73
59
58
65
58
64
88
98
76
80
51
72
77
71
90
110
99
92
78
96
91
101
92
105
70
88
70
64
74
68
74
70
86
73
61
79
95
82
84
66
76
64
71
81
78
96
70
63
77
86
65
58
75
59
73
64
74
108
99
81
75
88
84
81
79
108
70
76
56
86
73
64
82
81
72
68
70
56
63
76
48
107
63
61
69
70
57
65
60
55
76
61
68
104
60
84
63
73
48
54
66
61
75
82
68
65
67
64
74
50
32
52
30
41
45
46
56
88
36
41
67
59
46
43
42
99
84
67
90
87
114
98
94
92
100
96
129
107
65
95
70
87
88
81
89
74
74
84
111
76
146
94
386
440
391
94
61
81
74
79
112
85
112
40
41
38
17
19
17
88
223
52
83
39
141
30
41
41
117
93
23
12
26
30
38
38
39
77
46
30
14
14
16
29
27
42
72
20
22
17
33
58
25
32
41
37
60
35
23
29
28
22
14
79
50
65
28
51
20
20
20
186
24
24
50
22
24
28
60
16
18
29
25
24
14
15
10
16
24
22
16
59
24
19
31
37
73
34
65
72
62
65
52
25
31
36
24
19
19
31
42
24
36
35
53
49
24
28
26
29
66
31
32
44
39
65
32
40
34
44
49
195
252
148
41
84
367
142
58
42
45
52
57
39
33
42
103
142
108
66
64
116
115
71
47
44
92
81
95
51
50
80
55
74
48
59
58
60
60
60
49
84
66
79
120
62
85
88
71
65
51
122
71
73
114
78
70
64
58
50
78
66
51
58
58
77
82
77
64
118
75
92
160
79
104
144
134
225
220
196
209
211
216
252
260
187
205
190
204
207
178
185
172
184
201
195
209
182
187
226
185
192
186
226
90
122
110
144
91
74
83
72
87
64
63
99
71
71
87
68
62
74
69
97
94
109
94
110
127
98
78
109
109
60
77
114
72
61
72
94
143
81
93
123
85
187
96
90
87
88
136
108
111
100
113
90
101
87
84
59
113
90
76
78
73
111
64
63
74
101
65
100
82
65
62
53
65
72
70
91
96
80
114
115
79
76
83
90
72
78
83
97
93
80
93
93
119
93
76
115
60
74
82
111
86
80
78
104
143
100
79
100
67
70
536
273
409
104
229
120
263
148
81
105
384
115
62
60
86
88
336
269
203
202
221
526
291
407
174
183
912
398
396
430
382
377
368
291
454
258
195
241
211
164
192
166
120
115
72
108
228
246
222
107
130
297
249
88
112
115
318
517
461
475
514
374
404
213
114
174
156
351
101
102
77
156
295
170
96
110
144
290
265
260
256
307
252
135
135
260
99
122
487
238
73
113
374
624
382
431
179
131
380
220
147
427
366
298
178
454
402
108
433
688
782
512
301
278
209
211
150
313
173
88
244
446
199
549
520
416
443
315
134
374
404
239
328
422
400
446
425
274
93
46
80
64
92
65
386
390
262
135
246
372
263
72
71
82
73
65
68
146
140
247
344
299
349
97
165
409
405
333
430
398
236
317
215
246
452
342
489
437
354
310
418
439
465
142
143
81
171
279
225
203
182
166
331
402
399
389
346
152
83
102
98
386
394
401
403
329
125
78
156
203
123
213
401
116
93
68
66
70
81
71
83
68
77
67
90
107
83
95
80
79
93
91
83
286
300
264
112
141
214
377
240
322
242
422
411
417
341
163
172
149
186
253
303
268
423
230
341
401
117
150
173
106
146
122
267
378
403
194
151
158
209
211
340
185
442
471
443
249
279
237
296
372
190
122
264
94
138
198
181
87
75
81
73
78
102
151
171
184
196
259
195
173
234
175
175
194
196
221
217
203
229
81
60
50
60
67
101
120
189
166
149
218
158
81
72
66
37
51
41
67
43
58
78
57
78
71
100
54
43
49
48
39
94
159
192
220
206
192
67
39
64
101
121
107
100
180
123
101
79
35
74
63
168
247
160
229
445
146
114
163
112
109
102
283
378
232
147
152
226
191
327
430
429
380
402
307
457
732
931
902
223
237
365
343
325
291
395
289
78
36
35
30
38
31
24
22
12
37
21
16
99
404
417
387
388
204
23
43
57
70
36
111
297
84
116
61
41
70
192
184
116
202
275
198
217
323
428
233
113
148
157
331
245
316
200
369
210
177
115
149
181
164
69
52
152
155
288
307
149
124
158
25
163
244
223
193
134
146
143
223
246
192
136
131
234
186
149
174
42
54
228
272
240
208
360
185
252
169
402
459
340
138
266
73
169
129
216
81
161
134
91
173
31
36
99
117
80
156
43
63
73
127
213
97
238
136
208
159
273
100
118
60
46
59
76
102
142
90
94
37
39
41
48
37
34
69
59
61
46
194
45
46
280
349
112
68
50
56
330
378
105
57
76
36
55
62
71
63
64
76
53
58
47
104
40
61
79
93
55
51
84
81
69
71
88
87
57
63
44
56
68
58
57
59
58
73
82
89
76
79
119
119
137
149
138
275
184
128
234
193
148
145
78
168
171
145
181
171
160
136
153
189
123
128
76
113
213
146
122
208
210
143
213
160
218
163
197
192
175
170
152
161
204
220
344
186
293
437
551
332
117
243
224
260
257
176
259
185
552
537
429
310
435
106
79
74
100
181
163
121
101
302
115
266
359
185
333
256
274
279
336
327
345
256
368
218
308
196
103
85
86
99
93
181
92
85
100
94
72
73
104
177
80
124
148
138
125
110
155
108
158
329
365
353
307
257
114
136
225
219
234
363
487
357
303
131
197
44
20
80
86
83
230
339
269
296
136
93
115
165
144
123
121
113
105
121
144
113
91
94
107
113
99
107
113
87
70
93
126
154
212
143
163
140
106
218
406
444
424
476
457
428
456
483
279
105
102
115
55
107
142
126
135
265
189
246
207
266
248
249
303
282
259
284
306
298
221
238
244
247
237
371
360
256
313
283
200
154
237
201
384
288
262
178
123
165
227
295
150
299
298
237
432
217
356
268
172
352
163
258
209
116
103
149
237
197
315
170
155
341
371
413
437
434
168
152
147
142
142
110
145
90
100
66
68
109
190
306
108
93
103
112
149
195
233
209
153
200
173
130
272
298
315
258
312
307
275
253
218
156
166
207
268
304
175
167
192
189
76
151
228
190
89
89
77
76
72
61
75
87
73
92
94
93
98
71
62
72
72
74
84
88
114
96
120
129
236
149
123
233
128
92
66
113
318
104
79
58
54
78
59
78
67
93
68
69
73
117
72
84
61
76
86
86
103
71
124
155
174
87
242
292
63
76
101
61
123
172
238
113
64
85
113
173
273
167
86
169
261
234
305
197
219
50
181
211
132
120
129
86
69
85
72
87
85
79
74
73
121
88
94
97
92
133
102
61
87
89
84
69
73
78
70
86
97
76
93
66
81
69
55
75
76
83
85
82
121
85
123
162
212
280
221
177
197
182
109
202
272
194
96
96
223
184
201
193
100
108
83
109
88
130
132
78
78
69
171
208
167
173
70
127
240
182
113
110
76
101
255
277
148
102
131
107
155
177
158
306
363
352
206
330
154
86
67
109
88
87
98
110
91
104
101
117
160
213
125
132
88
189
85
26
35
41
54
61
80
62
54
50
81
54
63
58
49
75
43
59
37
37
41
50
71
28
31
33
45
45
98
45
30
44
47
67
51
50
41
35
36
25
35
275
152
69
27
28
109
67
48
49
138
33
25
28
27
71
28
32
48
55
42
33
36
26
42
43
49
60
36
24
44
69
347
415
260
401
439
410
420
310
61
62
119
73
119
123
147
133
103
91
70
62
152
50
59
72
113
52
42
63
67
132
73
59
67
76
94
196
181
128
134
154
149
217
178
172
238
237
232
141
168
165
241
115
129
191
184
267
293
222
94
120
78
260
374
455
585
558
432
432
545
506
541
470
636
661
613
520
279
70
95
131
80
85
368
395
397
214
549
476
149
428
131
227
574
608
257
91
162
107
60
35
53
75
170
150
72
146
164
326
150
214
174
195
73
254
314
79
73
222
389
104
231
377
89
223
125
235
222
85
212
142
331
621
266
183
271
384
159
388
641
409
402
333
316
445
453
599
612
443
250
252
357
464
447
225
258
532
522
672
521
161
125
257
438
512
405
153
157
223
278
220
359
105
93
66
85
133
135
115
76
98
161
185
137
80
121
87
96
108
76
78
105
84
107
81
79
70
156
248
252
167
137
123
91
88
100
161
89
173
86
125
91
97
88
104
94
106
102
145
149
99
147
121
131
261
360
390
122
103
369
183
151
98
153
229
163
305
193
84
117
93
177
252
290
249
111
80
106
80
168
298
197
91
122
120
126
215
215
190
104
85
122
85
147
232
72
98
89
84
135
89
88
75
106
234
164
201
73
82
76
98
70
64
86
154
114
73
129
303
404
217
113
84
79
93
340
260
121
151
422
270
151
201
128
67
142
329
227
325
250
194
265
289
352
393
381
351
108
131
83
83
92
90
101
89
100
145
167
148
83
64
70
117
79
75
73
68
143
142
227
168
156
124
91
82
81
81
113
89
57
65
109
109
131
88
104
84
78
75
77
82
138
82
163
205
84
96
141
81
71
73
133
82
98
102
88
143
182
170
171
128
148
152
117
90
68
76
83
101
85
68
54
59
88
95
61
61
62
83
140
164
221
279
110
110
109
171
495
478
414
284
384
464
402
101
254
356
366
353
374
86
72
83
53
51
74
78
68
102
82
88
66
86
80
68
71
100
64
114
126
71
82
53
65
69
74
70
92
71
52
60
50
44
58
60
73
65
66
59
48
68
74
47
56
46
83
52
58
64
67
65
76
75
112
106
80
67
59
62
58
64
60
91
89
74
84
83
67
58
63
63
63
99
96
115
93
83
81
79
85
63
71
83
75
73
77
76
69
69
72
84
82
79
79
68
76
80
86
83
85
70
69
65
109
80
84
67
49
84
82
100
85
95
83
98
98
80
80
70
51
62
93
86
95
101
82
65
85
79
59
72
75
99
82
77
55
67
66
76
76
77
110
81
87
81
70
71
71
75
53
64
61
63
64
92
75
70
71
76
70
78
116
59
52
67
75
55
66
71
72
75
72
68
73
79
76
70
70
77
61
60
67
53
61
45
65
78
58
76
75
70
63
59
52
48
50
60
41
51
41
42
47
33
63
52
63
48
53
41
53
43
61
54
45
70
78
44
57
62
45
57
52
62
79
70
39
27
64
42
16
58
47
64
38
33
64
66
39
56
44
60
53
38
48
22
34
33
49
39
55
62
63
43
36
20
28
33
24
268
30
26
53
217
249
25
79
45
56
34
23
27
27
32
19
28
39
61
49
39
26
26
26
25
25
22
25
17
19
24
63
65
45
46
34
21
29
32
34
31
26
27
137
59
45
93
88
97
29
43
44
56
22
33
47
169
72
93
85
77
75
66
78
75
74
61
75
77
72
68
62
63
67
99
89
93
87
86
80
74
69
72
71
88
60
101
73
349
384
373
83
72
97
105
82
90
75
71
64
67
187
74
66
77
80
71
72
72
77
68
65
82
86
83
67
78
88
104
92
76
74
79
86
88
93
100
99
113
111
105
90
82
82
76
78
75
89
96
75
77
87
104
87
90
97
96
104
87
205
103
105
80
302
101
199
95
121
101
97
121
99
95
111
95
105
110
116
90
96
88
94
89
87
112
105
97
107
103
83
100
76
135
95
86
98
92
99
107
97
88
110
95
86
115
111
116
92
88
110
92
90
120
88
81
103
97
101
126
101
94
102
91
111
139
111
86
101
115
107
90
100
137
134
97
106
97
102
96
98
99
93
102
96
117
121
99
100
114
125
105
169
117
106
93
100
110
127
128
121
125
100
100
133
119
142
117
111
110
107
108
109
102
116
95
116
116
130
122
96
145
152
154
123
127
101
106
110
118
122
156
100
109
134
98
118
154
115
127
147
114
153
185
132
160
109
106
185
129
123
108
116
113
120
110
120
104
119
124
110
99
86
114
142
148
124
95
120
106
121
111
110
107
115
96
112
133
128
140
214
245
118
107
106
113
107
110
110
89
108
156
136
109
117
115
93
117
97
139
91
109
137
127
160
107
127
108
109
112
127
131
159
140
117
92
130
95
112
74
69
96
74
75
61
55
58
68
67
104
116
82
88
78
108
83
56
67
71
67
67
78
68
80
158
146
62
67
61
202
123
85
76
69
75
78
73
73
95
111
88
56
92
71
69
57
59
87
80
102
87
77
85
73
70
102
95
97
80
148
86
63
80
49
75
73
68
91
111
98
86
77
71
57
88
63
46
81
73
74
54
70
73
84
106
97
86
81
96
73
62
55
61
79
65
85
123
82
67
61
93
76
76
60
76
67
70
76
55
170
365
95
63
62
90
60
302
288
74
89
95
100
76
92
74
70
97
67
51
77
87
77
64
75
90
69
79
84
66
70
78
94
89
83
81
103
60
96
75
66
64
65
93
91
91
126
116
78
78
87
81
72
89
59
56
70
65
93
64
77
70
87
94
97
105
97
78
79
87
78
86
65
89
83
142
98
95
72
71
79
75
64
98
144
75
77
91
75
58
70
62
81
95
75
95
68
86
88
73
96
78
95
86
77
110
80
82
132
87
90
81
108
93
110
79
102
83
78
68
76
88
80
89
70
73
121
83
94
82
92
81
88
81
95
99
59
85
131
82
77
87
101
81
68
71
80
84
63
82
111
88
87
94
90
97
83
109
92
92
81
61
63
72
119
82
109
103
76
83
90
88
66
85
100
52
63
121
66
81
60
78
55
71
76
67
90
58
79
55
57
44
53
79
61
44
90
49
67
55
68
58
55
66
56
50
125
149
70
47
75
57
55
67
54
68
65
77
46
36
70
31
50
52
55
54
131
413
427
252
59
53
89
30
33
46
47
40
182
172
34
69
55
253
69
36
59
64
136
43
33
45
38
35
63
46
48
47
50
43
36
32
35
33
45
54
32
78
29
29
35
63
71
26
34
32
35
94
34
45
31
18
42
27
136
58
55
55
82
95
74
59
26
133
39
19
32
61
39
69
48
40
32
33
25
46
33
28
52
30
33
87
52
51
39
47
27
33
29
63
31
23
89
32
55
34
43
37
49
41
56
64
47
70
85
76
88
47
26
36
33
56
48
64
40
38
101
39
64
37
67
58
45
66
64
64
92
52
57
56
34
45
41
32
33
24
70
90
65
66
91
66
48
62
209
142
64
68
108
74
100
73
72
78
96
104
77
49
73
42
48
53
56
80
60
70
70
60
64
78
93
72
113
62
77
109
90
79
60
68
62
54
76
66
57
41
45
85
110
75
60
74
106
92
79
76
88
86
114
94
104
72
117
85
119
84
57
61
90
86
96
94
64
58
76
63
64
58
75
84
67
88
59
72
85
197
88
96
102
116
89
91
63
66
90
82
81
84
89
70
90
98
85
96
78
54
81
87
87
60
69
64
106
82
54
83
81
76
122
56
75
62
83
125
77
57
69
67
123
52
77
90
152
152
139
87
74
107
60
50
50
85
99
74
71
69
61
87
77
69
64
70
87
76
65
96
129
108
87
88
72
87
66
66
114
54
81
123
81
92
96
141
129
106
103
81
76
103
67
67
72
71
93
131
124
127
93
82
74
93
94
63
68
58
66
57
68
149
411
238
385
125
161
233
192
177
56
94
114
236
75
83
88
72
62
244
373
142
199
178
243
393
255
333
316
104
410
506
428
537
746
572
443
561
285
229
101
320
245
153
274
217
87
99
176
228
132
76
79
82
156
365
387
346
356
392
306
255
235
289
191
118
84
74
159
213
109
64
69
90
80
57
225
216
79
65
79
138
210
181
175
208
155
175
178
203
85
208
252
94
129
451
363
87
88
373
571
417
387
211
230
354
187
166
365
162
312
128
290
451
208
132
505
585
610
270
423
138
222
164
340
88
311
353
234
468
545
588
419
367
542
328
605
660
660
275
70
67
70
104
73
314
292
245
147
149
238
295
308
163
59
71
97
75
84
117
196
256
244
282
242
176
104
161
366
379
407
465
382
367
229
286
368
410
371
356
343
225
339
363
386
252
114
73
146
211
168
245
223
189
206
428
440
487
947
1058
281
138
156
155
356
407
455
405
397
396
165
175
239
138
318
161
459
352
151
198
135
158
148
130
121
170
150
121
50
67
62
59
70
74
77
59
177
265
232
89
154
167
284
250
203
328
327
397
357
381
363
357
138
207
169
141
278
295
296
312
242
280
325
160
157
183
115
156
117
181
252
400
226
191
208
185
241
340
294
383
407
368
200
284
291
499
614
416
125
392
316
227
179
395
335
100
300
258
112
289
378
281
186
353
412
304
372
382
249
411
391
365
353
358
355
380
271
374
311
214
237
242
213
273
253
218
305
305
303
344
305
411
367
279
235
288
240
417
431
168
63
64
46
88
80
90
78
75
106
75
68
76
76
53
63
58
96
168
209
200
198
213
105
49
52
74
132
112
148
114
102
107
99
141
221
153
93
110
97
52
52
62
68
208
276
176
271
394
122
153
182
122
74
102
235
316
185
196
126
186
227
172
279
402
562
727
375
335
239
372
258
481
749
266
453
498
462
415
521
134
69
90
71
73
86
64
93
86
122
118
138
131
100
72
1374
631
401
572
302
151
132
149
157
86
127
263
259
87
189
185
72
112
149
191
193
217
237
219
214
255
200
272
341
284
442
245
203
213
168
497
429
185
85
226
260
113
122
162
184
137
95
107
139
169
167
174
305
362
202
82
179
175
79
141
253
148
163
280
260
257
281
250
739
462
311
209
221
172
266
295
298
196
316
204
80
69
171
224
264
228
218
231
204
223
188
124
362
326
305
151
123
53
126
131
216
104
140
133
97
128
53
75
124
52
119
126
20
58
66
186
148
258
149
164
182
164
100
126
166
32
34
70
114
98
108
112
44
39
37
29
32
79
198
91
59
65
96
117
65
75
58
146
111
42
47
42
58
54
75
45
63
61
48
45
73
56
62
52
83
109
54
69
122
138
90
94
63
64
69
71
57
24
39
68
92
70
61
46
82
54
54
83
68
72
83
87
131
166
151
100
165
135
145
72
113
103
113
124
106
151
90
173
116
128
122
134
172
101
102
88
140
147
183
107
162
176
170
153
198
133
130
112
200
149
74
169
86
160
181
198
223
222
329
355
462
239
106
224
259
163
249
220
229
323
572
309
324
438
300
115
73
94
65
169
121
297
249
318
396
441
430
439
300
399
392
389
146
75
70
76
72
115
113
104
115
89
101
129
104
144
127
98
150
124
112
118
138
184
123
103
239
273
312
328
273
120
119
189
201
213
302
357
458
354
153
106
90
112
129
121
140
249
341
377
160
196
128
157
133
229
129
157
152
119
123
160
139
111
128
141
112
137
125
120
121
137
125
89
106
120
100
315
166
148
170
140
120
305
389
423
409
422
431
398
435
425
411
314
184
117
180
110
154
196
165
181
218
189
230
276
282
329
266
208
217
275
301
269
240
255
254
277
350
260
240
226
254
310
354
301
244
305
322
314
140
250
266
230
243
279
216
73
111
242
198
179
278
237
261
315
273
227
345
125
286
245
118
332
146
107
150
250
312
214
136
235
273
298
378
278
286
76
97
96
99
112
127
68
91
101
65
127
198
169
56
68
107
124
166
202
262
113
97
99
131
265
243
215
251
170
148
188
130
85
166
208
176
132
133
117
61
118
97
162
172
85
55
65
70
66
46
70
65
86
97
139
78
62
66
58
69
63
94
84
114
113
155
166
171
202
181
84
98
77
206
242
46
70
66
77
100
80
88
105
69
93
100
78
55
85
80
65
73
66
77
90
75
164
186
107
226
204
62
119
153
163
157
161
154
205
306
249
192
177
151
95
108
188
281
168
175
161
308
242
206
239
290
93
80
149
147
109
127
91
125
120
70
92
80
72
105
62
55
77
86
125
133
81
101
105
105
113
107
117
116
85
98
93
154
148
150
138
144
104
111
120
129
111
139
129
130
127
171
144
180
212
206
287
172
143
211
173
167
268
271
98
128
212
320
276
237
152
108
107
83
93
98
158
117
167
131
75
134
167
130
82
162
236
162
68
61
123
140
82
248
54
82
262
104
208
144
131
177
134
279
294
251
266
263
152
87
101
65
96
109
213
302
198
222
361
312
376
283
273
357
220
227
349
261
119
270
286
274
292
197
299
211
303
242
304
178
89
124
98
104
144
194
173
172
230
250
197
218
215
261
241
200
204
228
197
296
230
273
649
621
490
377
362
348
312
45
48
43
47
42
40
34
51
51
55
221
22
29
28
123
35
48
53
74
249
55
32
21
21
19
26
53
34
35
33
78
48
39
29
42
33
34
51
58
34
28
43
48
57
184
427
465
446
375
344
294
317
101
29
40
120
98
97
141
141
82
150
64
57
59
34
106
101
127
75
96
91
96
81
98
99
66
151
154
189
172
134
118
152
131
95
200
232
113
146
166
148
143
128
104
160
103
205
102
82
140
151
133
234
194
150
160
76
73
118
135
361
362
467
512
424
406
372
448
455
335
423
511
451
450
488
198
206
46
51
122
94
79
227
340
373
348
225
525
369
204
351
85
329
379
408
256
87
144
170
123
54
51
73
79
177
148
83
98
123
333
159
236
130
241
102
189
342
271
74
76
310
267
184
234
436
186
94
104
144
248
264
65
81
103
202
481
448
121
324
361
167
521
315
292
312
410
354
657
555
515
421
238
188
358
457
316
382
288
217
232
543
418
394
547
277
80
73
87
89
73
115
120
128
200
244
267
220
204
102
134
98
259
251
208
301
160
361
458
389
129
145
341
153
106
122
92
125
84
99
80
94
142
232
107
156
86
106
99
98
191
101
90
72
97
84
118
88
92
128
93
117
85
103
121
100
102
133
329
403
377
154
195
281
316
158
176
322
579
198
108
123
343
375
277
151
153
270
329
133
134
125
213
381
239
123
124
88
108
230
218
122
108
104
128
143
204
140
183
156
206
102
96
79
68
90
121
98
124
99
113
119
152
143
127
99
105
96
71
83
116
111
85
107
113
153
151
161
167
82
97
106
89
73
88
74
97
127
167
175
163
220
119
84
79
95
101
71
87
105
171
145
172
87
106
117
69
73
80
55
85
120
127
265
159
210
152
72
68
52
100
112
139
90
72
101
130
133
101
85
66
74
72
71
74
102
199
171
183
157
111
92
86
68
62
128
66
87
110
88
140
178
127
134
131
162
198
182
146
121
95
86
69
63
66
70
69
85
126
108
96
72
77
119
172
207
206
226
90
80
80
113
81
239
384
390
402
371
344
356
310
74
409
434
440
413
93
61
75
81
75
71
56
67
69
88
54
48
60
67
61
60
95
54
53
97
65
53
56
57
75
71
63
57
52
56
49
62
52
67
66
74
68
84
65
63
66
82
60
77
104
81
63
72
72
54
59
58
61
58
61
73
81
82
72
93
67
70
59
74
86
80
95
92
77
54
49
70
121
70
56
53
48
83
85
68
57
48
48
66
75
86
69
96
67
82
58
58
79
84
87
79
67
54
66
71
90
76
84
70
92
85
76
73
91
58
42
51
40
50
59
60
68
63
72
68
80
58
54
90
74
64
81
74
98
71
56
61
53
61
77
53
67
78
92
108
86
62
75
58
69
72
65
74
72
68
60
62
61
71
53
61
114
88
93
82
78
69
60
53
59
65
72
65
75
80
50
58
62
65
62
61
65
61
73
52
90
88
82
59
101
56
58
69
65
55
60
63
58
69
60
63
44
64
54
81
57
68
65
40
22
31
34
40
39
91
119
36
38
44
43
36
45
80
50
66
40
54
46
42
42
45
32
34
45
53
52
42
37
87
84
85
108
36
34
47
63
33
32
44
33
31
28
29
24
43
62
48
68
198
40
41
32
121
26
25
62
218
34
22
40
26
37
27
39
36
44
45
86
28
29
36
57
32
38
27
31
56
65
47
25
71
32
37
270
322
310
324
324
322
118
41
36
22
20
121
42
65
64
116
59
41
40
45
66
83
24
25
80
40
25
36
25
76
51
40
22
25
18
24
26
28
50
68
54
49
31
35
21
44
56
38
53
33
67
190
165
216
280
85
26
23
21
33
23
35
68
44
196
61
57
38
41
31
26
30
28
62
58
39
39
45
29
46
17
32
25
31
25
53
34
24
36
33
24
34
38
41
40
68
38
48
133
79
59
32
120
53
47
144
191
73
35
24
45
123
32
44
46
45
57
46
37
46
87
38
24
48
62
36
64
54
71
41
46
60
32
57
32
39
37
53
43
70
45
42
50
44
48
66
60
41
44
85
82
49
39
48
70
68
60
62
50
52
42
42
44
53
80
54
57
59
58
43
48
107
80
58
61
66
63
37
33
32
58
63
60
68
72
59
85
54
43
46
51
66
81
46
68
61
58
54
59
78
71
73
107
62
67
66
56
93
55
65
52
92
100
35
60
96
148
97
76
85
50
49
57
59
63
33
68
60
67
83
65
88
101
59
76
55
54
55
53
62
73
55
203
49
62
48
100
52
47
70
69
64
60
55
50
90
86
82
49
58
52
53
54
66
72
88
52
59
41
47
39
73
44
82
67
69
50
52
60
53
71
80
68
74
85
56
53
48
78
47
67
68
51
39
57
54
54
165
85
61
51
56
159
78
89
54
72
122
44
57
63
103
51
64
58
59
54
52
55
46
40
47
41
51
55
48
68
67
73
72
66
65
67
54
34
68
37
53
67
208
527
915
537
507
510
502
524
529
520
79
48
46
107
66
63
52
54
55
50
44
56
53
45
62
94
56
49
96
66
51
54
68
61
55
67
210
196
182
159
179
178
223
187
207
177
207
154
173
159
154
149
233
174
189
186
178
132
188
126
111
65
71
59
101
68
71
52
71
61
62
59
81
46
64
71
101
66
78
51
46
64
54
58
56
53
82
88
103
59
65
102
83
104
86
94
100
112
96
108
90
96
98
132
91
88
93
106
101
110
154
95
99
85
48
55
62
54
44
101
71
58
84
57
61
67
54
56
78
92
71
72
71
83
82
67
62
58
61
53
54
68
53
59
60
102
74
114
80
154
286
336
394
446
113
87
70
76
67
69
65
65
87
79
128
75
77
83
85
84
67
102
95
73
66
60
94
90
118
84
73
50
63
61
75
68
61
67
80
93
196
205
203
109
76
96
161
189
201
176
72
61
46
166
206
199
128
103
255
237
202
56
80
91
170
208
263
65
257
283
128
301
234
217
271
182
271
248
166
255
200
165
255
211
245
232
214
245
215
203
265
198
225
237
211
242
184
116
145
228
399
134
108
86
117
145
336
197
226
165
217
222
190
270
300
320
256
51
34
54
47
38
35
47
42
37
74
49
36
47
36
31
48
287
284
272
43
43
44
41
49
44
54
44
38
70
159
40
28
37
385
48
63
37
37
45
26
38
16
30
24
31
37
44
34
42
38
26
29
29
29
31
26
22
16
18
54
24
39
35
41
26
23
35
20
24
29
65
49
54
61
43
178
80
34
24
74
19
19
31
69
38
47
40
32
19
16
23
42
31
28
35
31
31
30
35
30
37
39
32
25
24
18
42
66
44
35
31
47
32
47
72
42
53
45
41
38
34
45
63
41
32
43
45
35
28
28
53
57
97
62
47
58
48
49
66
49
57
41
45
22
40
40
48
47
53
52
53
112
247
322
228
92
38
31
44
219
274
282
46
98
156
64
346
77
73
77
80
93
36
43
62
74
53
63
76
50
57
57
37
52
69
75
72
113
77
85
64
57
61
79
72
77
70
79
66
51
81
83
72
85
89
99
92
90
85
78
78
73
69
97
187
256
355
295
115
77
73
94
199
105
92
96
108
156
100
89
66
72
88
135
95
97
90
70
90
90
80
72
69
106
107
265
96
121
124
90
83
104
142
125
115
98
85
73
79
124
95
95
73
68
73
55
51
49
43
71
74
75
94
108
99
101
79
95
49
102
79
97
78
82
76
188
96
88
69
74
85
66
124
73
76
146
93
69
67
70
61
91
83
84
91
120
88
90
53
69
63
81
93
81
80
86
102
69
94
101
99
101
89
367
252
90
79
76
59
179
60
83
77
71
88
99
83
59
79
76
68
70
57
82
98
95
79
97
111
146
259
165
225
286
93
177
148
187
149
91
61
63
48
41
160
175
76
96
104
107
133
116
100
176
279
137
164
151
146
216
384
336
261
280
140
225
509
445
378
448
542
475
505
408
288
185
422
251
404
214
376
2205
2321
2850
2341
2195
2043
2207
1925
2143
1041
380
311
336
396
315
268
278
292
142
115
117
110
205
123
64
73
107
69
101
96
111
161
229
82
85
430
196
216
208
483
341
153
155
124
1702
2341
2702
2597
2194
2093
2112
2226
1989
2111
2203
1170
6085
25498
367
102
119
314
456
389
286
198
39
37
39
383
211
328
339
384
236
309
361
217
98
472
640
669
344
487
219
224
255
288
254
191
302
168
478
462
572
415
544
528
586
607
606
273
107
93
82
114
453
460
245
522
269
105
87
124
181
118
108
97
197
278
276
197
274
181
121
187
287
297
330
285
337
334
328
367
176
308
440
383
451
382
263
330
352
397
334
161
131
108
88
94
139
125
138
145
139
133
262
291
339
292
311
128
109
126
387
472
425
368
141
95
126
141
101
103
177
257
145
67
89
65
64
58
76
65
60
71
68
63
82
56
85
86
110
202
245
224
113
145
321
347
229
300
258
366
351
328
275
152
176
159
211
253
243
232
273
211
263
339
217
170
122
145
112
181
219
286
277
211
163
191
181
227
243
372
370
380
396
375
261
255
322
354
266
227
152
216
126
171
188
184
94
78
80
147
195
167
176
253
240
195
193
212
180
164
204
163
202
169
210
199
183
84
55
98
91
83
127
154
170
170
171
157
170
119
55
88
65
48
93
55
74
66
65
116
76
84
109
276
341
339
477
427
212
36
56
113
77
164
207
225
245
105
81
58
70
74
112
96
69
69
85
59
121
127
121
98
95
62
79
50
61
38
143
236
292
156
299
382
187
152
139
57
32
60
112
160
344
283
117
101
122
249
201
182
165
293
394
373
384
252
268
322
423
582
211
327
477
321
485
469
316
290
528
123
53
89
44
34
32
56
64
100
576
496
579
299
69
83
100
71
164
250
238
142
104
105
78
56
113
77
83
123
167
258
190
293
257
200
226
312
422
440
177
183
177
187
406
242
119
141
307
271
99
145
159
169
217
63
98
72
188
124
197
227
269
283
115
163
140
138
92
50
164
240
78
121
205
113
150
220
231
292
156
124
99
134
205
180
98
210
84
38
57
92
216
201
226
126
238
234
195
194
237
133
217
365
371
196
156
148
52
86
116
172
137
96
96
50
72
103
39
52
60
46
73
132
83
37
52
65
126
118
163
289
123
211
183
190
138
141
110
32
45
133
205
157
146
95
56
146
357
331
336
339
63
106
68
62
65
76
144
128
55
110
122
71
40
51
73
89
95
96
95
105
186
110
100
138
152
136
79
86
88
80
101
99
89
83
85
67
83
96
83
87
100
117
111
87
78
89
94
114
109
110
160
179
160
154
119
178
202
174
113
186
157
80
86
112
126
172
127
179
161
199
149
122
136
182
128
125
80
74
162
176
101
113
140
175
175
156
125
179
182
139
125
114
154
122
87
123
173
213
249
211
231
276
370
391
171
128
235
266
168
162
211
250
189
414
532
244
430
337
200
89
107
49
64
153
135
127
275
200
352
302
521
354
370
327
299
345
223
306
62
62
128
70
75
91
82
97
129
87
78
102
111
92
161
77
86
95
170
96
218
288
345
357
237
82
206
205
326
587
352
78
85
82
100
158
145
259
307
262
168
66
89
116
100
120
136
78
70
128
109
95
168
141
121
130
99
125
124
99
71
75
80
224
122
194
127
159
281
293
317
360
375
304
323
316
322
209
190
132
87
113
143
145
147
200
189
144
211
297
247
288
163
260
242
310
255
215
205
220
235
250
234
228
258
217
282
386
299
215
293
246
195
139
281
150
308
182
201
147
78
190
281
107
154
185
181
339
292
170
238
104
283
211
185
106
263
101
75
212
285
169
251
279
240
183
268
276
97
152
162
107
116
135
65
66
72
70
82
236
241
69
59
78
61
119
195
228
106
120
110
165
165
280
208
220
174
200
209
137
80
205
202
153
115
137
72
63
111
135
174
125
94
78
79
67
67
96
89
68
70
57
50
71
59
65
65
70
82
120
140
134
171
186
158
122
72
106
93
147
327
124
67
146
65
129
84
69
63
193
62
76
56
108
63
63
73
71
86
88
75
84
92
102
82
152
190
117
295
197
79
84
83
81
77
148
226
113
57
54
109
102
226
219
167
88
146
246
184
256
178
264
107
112
203
140
95
96
71
101
104
74
68
77
104
79
78
88
93
76
89
77
108
112
96
77
60
86
89
81
96
79
100
113
92
103
92
81
72
64
58
78
76
89
83
98
127
119
140
198
185
319
183
134
231
113
241
376
174
105
151
155
248
171
97
88
111
82
83
105
106
87
85
76
156
155
90
88
169
185
136
46
61
36
127
216
176
68
52
91
82
