616
1221
1282
1171
960
951
555
981
693
526
677
647
904
1452
1341
1727
1630
1656
1824
2177
1640
1982
1721
1717
1129
1330
1484
1620
1631
1722
1709
1368
1602
1547
1490
1470
2103
1446
3591
1328
1374
1214
977
850
1365
1805
4119
2692
5574
6671
18564
26811
2747
2198
1941
1469
1813
3223
5049
4876
6199
5469
6335
4074
5610
6388
5862
3671
3550
2631
5525
4856
4388
3991
3440
2630
6177
3643
5611
5824
4725
4443
4250
2570
1423
1647
2351
2879
3456
6238
3503
4893
1891
6497
3343
2728
5180
5105
4740
4655
3435
4048
2232
2947
1464
2536
3493
1990
1992
3731
2899
3385
2039
1550
1245
1058
1692
2759
4851
6974
3185
3319
7996
5570
2390
2239
3132
2835
2599
2418
2127
2875
3175
2377
2078
4351
3622
1561
1395
1484
1467
1411
1409
1556
1405
1215
1906
776
1155
1060
1148
1143
1909
978
909
1104
1822
1763
1676
1773
1816
1831
1736
1849
1665
1727
1885
1730
1783
1522
1617
1472
1519
1522
1436
1682
1523
1567
1363
1319
1233
1856
2492
1010
660
821
671
714
1784
1468
1374
1504
3673
3244
1694
1977
1761
1626
1856
3636
6937
3501
5004
5282
6675
6878
3199
6059
5882
3990
2280
5615
5067
3438
3270
1900
2198
3387
8045
2591
3121
3824
3506
4376
2357
1683
2477
1381
1983
3053
3877
5663
5093
2255
4908
2827
2755
5241
5465
4943
4887
2823
4646
2043
2490
1577
2858
2845
1763
2541
2807
3077
3267
1380
950
1305
2501
2749
2472
4551
7814
4588
3922
6498
8052
2980
2333
2729
3832
2855
2180
3748
4233
2303
2014
2334
2109
5315
1607
1242
1463
1570
1565
1641
1539
1423
1336
1122
1113
913
1432
654
935
1371
1551
2539
1657
1814
2448
1932
1987
2147
2187
2305
2460
2580
2301
2507
2429
1550
1803
1638
1584
1573
2279
1579
1697
1607
1715
1716
1748
1687
1792
1501
1343
2135
1569
851
1068
918
895
1115
1121
1696
1462
1540
1607
1775
1609
1778
1612
1805
2232
3289
7180
4537
2501
4810
5902
7094
3705
6339
6303
5343
2698
5556
4888
6046
6467
5130
2136
2197
4196
7150
4965
4066
4181
4959
4400
3011
2380
1603
1356
1321
2452
2879
4471
5849
2733
4516
3378
2723
5733
5042
4920
4598
3310
3120
2150
2171
1844
3227
3408
1931
2541
3928
2469
3398
5304
3942
5472
1284
822
3972
2199
2916
6433
5110
3311
3912
6985
5194
4624
2282
3200
4864
2901
2127
2506
2210
2059
2363
2141
4968
2088
1277
1392
1469
1413
1365
1390
1471
1335
1329
1063
1080
1051
949
2518
1093
766
1700
712
1321
1046
994
1112
1193
1337
1430
1427
1247
1249
1483
1167
5869
1213
3050
2347
1345
2044
1392
1713
2553
1669
3091
3946
4435
3475
1583
1263
645
957
641
860
962
2366
1626
1488
2606
1861
2162
1554
1779
2017
1787
2619
3597
13591
17160
3483
58505
5979
7566
4280
6139
3864
3483
3130
4598
5530
3474
3024
3185
2122
2806
4805
5177
3397
4907
3073
3035
3799
1772
3424
1948
2046
2535
2743
3021
5416
4660
2107
4629
2185
4490
4229
4589
3962
3267
2983
2200
2295
1761
2422
3105
1708
2047
3273
2182
2870
1403
2869
2300
1726
3409
1551
2664
3036
6041
3879
3605
4739
5059
3486
4570
2035
1016
3520
3430
2897
1932
1977
2332
1944
4897
3029
1352
1369
1435
1668
1423
1408
1515
1485
1359
1151
1004
1220
950
1745
2474
807
805
1927
1534
1094
1411
1475
1389
1957
1837
1444
1366
1461
1527
1528
1954
1427
1516
1463
1430
1513
1390
1818
2181
2657
1786
1437
1380
1049
1577
2643
2320
4447
1043
834
1086
1091
1735
1974
2018
1761
1630
2172
2273
2350
2117
2344
3036
2190
2254
2158
2859
3758
8695
6369
4239
9043
8237
7425
8140
5090
7710
6159
3414
2751
2003
2224
3232
5989
4628
2214
4777
2496
4858
3734
1767
3219
2593
1871
2958
3169
3215
5423
5051
2991
5728
2096
2035
7891
8344
3872
3060
3148
3671
2576
1934
2931
2686
1642
2845
3566
3409
2285
1015
2371
1124
1326
4873
1831
3279
3481
5230
3306
3728
3917
4783
5841
6436
2522
2581
4119
3061
2806
2335
2574
1708
1730
1583
1537
1906
2114
2027
2397
2665
2256
1940
1961
1518
1471
1245
1351
2032
979
798
1070
751
910
1523
1574
1303
1750
1184
887
1048
597
371
407
447
402
263
253
164
426
1075
1140
1122
1207
1086
2320
1228
1226
1265
1347
1127
1489
5270
840
1067
910
9220
1849
1234
1434
1345
1329
1445
1363
1882
1952
1967
3026
2256
2090
4413
2193
2166
1700
1683
1400
1788
2395
2159
1560
1412
1423
1452
1329
1145
802
1020
1344
1974
1748
1677
1868
2070
2093
2311
2006
1824
1989
1836
2197
1979
1550
1591
1835
1769
1898
2074
2041
1579
1529
3294
4298
6882
3934
5920
2058
2656
4718
6006
4399
6926
5013
6752
5702
5552
3076
3857
5478
5883
7022
3814
3777
2002
1921
1963
1612
1751
2045
3919
3472
1990
4561
5166
6878
5130
2042
3462
4995
2954
3901
5289
4476
4360
2617
3028
3164
3705
2054
2137
2236
2901
3825
6950
3127
3962
4907
4667
5822
2164
4371
6006
3249
7094
7037
5032
4783
4470
4065
2540
3445
5162
4830
3630
4704
3545
2811
4246
3744
4972
3475
1989
3938
3711
2040
2012
2057
2118
1985
1790
5116
2356
4020
4162
2971
4188
5116
6784
2208
4204
3228
3262
3981
3984
4485
4566
4403
5362
4635
2243
3024
2677
3078
3213
3440
2911
2581
2016
3213
2492
2144
2434
2173
2250
2357
2453
2318
2494
2181
2155
1983
2226
2593
2169
2172
1833
1721
1452
1064
1319
1661
1602
1864
2493
1849
1665
1855
1877
1876
1943
1917
1779
1959
1761
1912
1514
2230
1700
1661
2586
1305
1513
1485
2873
3016
1220
1662
1733
769
701
781
940
700
682
1022
1950
1628
1619
1449
1711
1903
2333
1965
1761
1587
1810
1764
2058
1993
1729
1465
1527
1806
1811
1635
1844
1753
2024
1749
1581
3614
10740
1687
1558
1487
1255
1653
1458
703
1039
1096
1586
1401
1601
1525
2089
2481
2277
1862
2101
3218
3400
2035
1813
1444
1478
1391
1410
1228
1374
1285
1446
1317
1283
1120
1021
898
625
496
675
713
573
911
1149
1981
1423
1582
1703
1588
1178
1853
1247
1075
1261
1274
1101
978
1267
1434
2448
1318
1295
1493
1467
3569
3870
7148
5754
2159
4042
4600
5300
7073
5575
8863
3362
3993
5840
7007
6993
6127
1079
1256
1281
1442
3998
2316
3065
4955
7485
4133
2704
3201
4403
2603
2430
5218
4734
2538
2517
2679
3344
1795
1656
1563
2345
2559
5900
2199
3454
4456
4784
1028
3362
6266
7225
5712
6781
5278
3313
2844
2836
2205
2526
2903
4647
4600
2702
4347
2148
2669
4095
4128
3577
1465
3615
3563
1661
1536
2059
2164
1524
1152
5754
1575
3698
2542
1256
2746
759
2081
4632
6253
1859
3942
2532
3273
3216
3889
3088
6095
5387
5527
4671
2653
3330
3870
3459
3102
2848
2567
1786
1592
1620
1733
1754
2749
1621
1330
1013
724
644
630
717
1190
715
903
1040
1653
1692
1858
2138
2408
1757
1937
2031
1866
1823
1883
2035
2092
2002
1579
1442
2990
3135
2020
1776
1848
1907
3878
