90
210
233
250
425
359
372
372
376
432
406
329
324
336
279
249
309
275
314
261
207
164
130
162
367
313
272
260
189
165
163
182
143
127
111
311
235
211
175
192
239
284
270
414
443
423
431
433
370
390
488
504
574
559
468
473
480
476
546
445
540
539
580
478
615
692
678
469
517
533
558
578
619
580
507
549
484
635
418
492
432
431
215
193
428
504
427
460
442
411
613
416
472
405
555
442
516
488
549
517
524
511
466
471
416
437
370
544
481
459
473
453
467
428
462
442
477
451
401
453
799
360
727
652
476
352
289
1231
1054
1200
344
494
365
428
350
378
436
353
354
414
342
244
315
215
289
277
249
277
382
602
483
576
526
574
1578
1309
1132
957
711
770
1765
1454
1781
1769
1857
2007
3443
2279
6590
7864
9247
8495
7046
3200
610
566
558
718
577
739
730
632
399
383
284
590
607
609
536
453
1223
1112
725
854
1235
1790
1942
1845
899
1523
2797
1969
1108
1363
1328
1786
1914
1776
2551
1411
1071
1396
1263
1635
2336
655
1951
1586
1571
2608
1546
2166
1985
444
900
1319
1360
629
1799
935
1039
399
465
1823
1635
1799
1638
1189
1624
1401
1863
1673
702
651
1393
1371
887
1320
741
1218
600
521
1208
1135
1851
2112
2190
1687
785
361
2186
1936
648
2511
1605
1480
1692
1287
1481
1334
1370
1053
1415
1704
1920
842
558
515
819
1067
502
353
399
520
459
498
495
412
659
1124
610
584
696
1970
775
1061
849
1638
1642
2748
850
1460
897
852
1672
1784
1056
488
582
646
1662
1727
2692
1025
1182
1095
717
709
626
1133
2591
1156
976
1528
1474
1658
1437
1119
1769
1317
532
1237
2395
1539
1306
699
638
1082
1449
1261
1062
538
479
447
1057
1156
577
451
460
416
427
1123
809
749
1124
1241
763
607
696
480
474
568
715
1142
1093
1149
892
846
984
759
854
1701
630
651
822
585
298
338
398
697
601
291
242
361
296
313
350
658
469
414
442
845
1131
937
1185
1058
3029
2683
1506
1768
1643
409
806
1002
1016
988
1402
2039
2799
2396
2276
1468
1374
1531
588
425
496
393
814
834
713
990
1000
888
958
969
784
816
639
809
877
561
708
625
714
520
937
548
914
1016
822
1207
835
975
583
773
528
747
773
387
468
833
2208
1942
1754
459
477
456
464
473
459
356
440
398
478
434
484
399
449
449
426
418
433
444
429
408
439
476
461
442
450
424
394
366
357
373
343
360
515
944
242
178
284
207
215
627
228
631
216
163
184
439
462
224
431
348
296
785
840
191
201
302
260
380
306
242
314
273
349
364
775
479
416
522
498
565
471
525
488
522
499
439
605
605
676
497
423
587
497
592
582
540
462
412
591
504
651
522
446
540
503
521
555
439
550
551
677
442
655
449
512
535
569
496
424
467
469
418
521
511
425
487
382
521
461
445
406
466
446
474
427
429
449
441
566
526
436
474
436
457
403
535
470
458
381
427
385
432
406
352
270
337
425
585
562
493
897
1141
469
402
386
312
268
130
206
253
151
293
324
168
117
161
259
307
171
221
212
254
729
738
326
611
430
358
346
496
468
457
361
493
713
1277
1298
1127
1184
926
551
455
464
616
541
544
668
656
534
492
485
387
575
482
575
500
602
952
1398
895
1042
1821
2701
1943
1094
991
983
2400
1435
1082
1075
1345
1279
2103
1671
1873
2770
1179
2573
1794
2060
733
1668
431
1525
1839
1864
2350
1441
1386
1771
1784
1014
957
450
522
932
1348
2155
1226
1780
964
1493
2092
1623
997
496
1156
1147
1011
587
844
305
442
327
1036
532
592
1312
746
1418
2159
3552
1956
506
147
1711
433
710
1039
1512
1397
1201
880
926
1083
1162
833
1517
1774
829
564
532
1019
756
563
236
474
905
1002
351
378
423
453
346
437
741
1162
888
932
798
1152
1049
1408
1904
1689
1896
740
1560
1817
1449
636
528
792
1225
1392
1963
558
1353
761
687
633
742
1176
2685
1139
964
1519
1650
1697
1443
1436
1434
1682
1201
1223
2164
838
623
871
1163
1585
1375
1313
923
450
537
435
783
791
726
443
476
546
1013
771
821
1222
990
561
519
606
463
500
422
579
1249
1055
997
650
771
905
967
830
1711
535
683
832
297
364
321
258
296
300
558
348
300
276
229
580
2345
744
667
508
429
673
960
1188
1025
1074
2664
3130
2238
1456
1947
1919
500
1008
1224
1098
1271
1657
2026
2358
2513
2448
2174
1728
928
718
706
558
886
706
725
591
792
1605
977
969
1088
956
970
743
583
853
476
1177
926
1375
1094
1675
1447
555
677
555
908
503
606
534
771
538
856
703
467
426
997
1777
1889
1607
407
504
543
414
395
366
352
370
514
370
488
442
536
442
452
468
481
446
559
436
514
466
417
506
395
435
451
406
443
405
360
395
291
300
299
348
357
258
304
318
224
298
403
649
212
228
167
170
240
287
411
245
571
429
409
534
434
1363
521
529
449
451
512
545
583
489
542
700
898
624
612
575
566
605
583
632
574
621
639
683
596
628
712
653
707
706
646
761
721
739
759
853
767
686
675
714
651
978
653
715
652
767
746
686
449
468
495
418
574
630
518
404
518
517
501
527
402
425
550
395
511
425
824
876
526
449
454
481
498
470
566
411
485
543
543
490
549
441
485
542
552
575
479
523
536
521
485
525
563
478
549
487
411
425
338
387
501
371
346
312
1335
285
765
407
260
256
277
253
274
312
420
310
261
214
309
206
290
327
358
279
366
383
265
348
618
487
476
352
402
526
413
370
517
537
581
484
383
445
684
481
512
481
468
472
479
478
711
418
434
458
571
504
645
497
618
499
466
1553
869
624
1528
1924
3287
1333
1081
890
2042
991
704
722
991
1004
1376
2047
1464
1521
2531
1478
2621
3070
698
1366
773
1179
1428
2136
2073
1527
1182
3566
1493
1993
1667
920
679
401
1084
1789
1803
1491
1347
1221
1391
1936
2337
1552
1618
2009
2127
1905
1436
1973
1826
860
504
394
1084
524
711
726
842
1244
1108
1392
2610
2705
1691
473
681
3431
914
904
1206
1566
1768
1298
807
1316
858
1361
2252
1448
1064
1368
1456
753
626
499
971
770
536
260
626
497
321
346
429
571
328
405
447
848
670
764
719
915
896
838
1508
1453
1902
1344
1219
2405
1148
608
703
826
1378
1115
1730
841
1359
919
802
752
855
1049
2472
1886
986
1524
1536
1636
1685
1575
1307
1245
1546
1234
1297
1589
599
751
723
967
1215
897
688
513
503
396
726
813
707
535
463
545
904
993
1170
1081
1378
703
559
510
638
616
838
739
964
1192
1144
1200
716
719
812
868
898
1505
671
1771
1709
1502
1556
737
1216
1339
1873
2510
265
434
316
452
200
269
248
1627
1460
637
446
596
591
919
917
849
783
947
1516
2617
2658
717
1592
1863
1444
557
944
1240
1182
1198
963
1902
2204
2574
2018
2411
517
1179
1048
1877
996
574
829
651
607
619
1498
1448
1726
1313
1215
890
827
822
600
753
582
770
614
728
760
680
624
732
713
614
589
689
697
541
872
828
422
598
981
1287
1857
1850
425
386
420
377
339
411
413
446
370
465
486
441
393
380
430
450
457
475
302
409
437
400
475
422
401
448
435
416
358
429
425
370
366
283
359
286
298
251
387
321
197
443
285
402
228
268
264
757
1439
306
365
318
253
143
287
245
1003
161
464
218
256
183
185
273
476
514
335
311
288
307
274
295
361
347
283
351
420
286
398
333
378
446
413
536
376
374
444
352
514
365
415
385
311
364
406
367
336
472
574
382
324
282
411
313
2761
2664
382
312
402
355
993
1179
1022
1047
533
385
422
359
440
499
600
598
665
348
432
418
437
347
489
1729
434
511
516
501
406
565
850
745
1057
836
1204
1476
1289
1362
1339
1314
926
1217
1231
263
279
965
275
379
607
179
226
170
173
180
282
433
223
172
186
198
229
271
256
259
325
317
245
365
958
963
793
388
356
418
423
415
509
496
1259
663
641
553
492
764
668
574
459
363
576
487
591
570
451
556
440
532
998
536
477
432
626
1205
699
596
736
1093
1626
2797
2059
8370
12854
2779
1212
682
767
1217
2958
14039
15784
26856
988
1881
2097
2198
1681
3107
1768
2063
723
1319
1403
1827
2227
1705
692
1309
1353
1627
924
419
409
784
1379
1878
1194
1535
949
1309
1988
1833
1080
778
1224
1125
900
723
842
423
516
2072
653
784
505
621
433
1552
552
1127
1484
2022
2403
1779
319
2119
906
598
898
1710
1570
1179
851
1077
931
858
1162
840
697
1220
1517
754
623
373
495
1087
656
792
1572
521
526
499
791
570
506
594
571
882
1010
703
946
751
880
906
773
1550
1359
1758
1407
803
2099
1562
508
604
681
1541
1758
648
1151
620
762
648
822
1785
1664
767
1288
1518
1359
1670
1369
1066
1098
1426
941
1436
1138
561
757
787
1048
1020
884
702
476
375
542
843
864
556
558
456
702
855
702
877
1098
921
514
519
558
489
579
429
656
1250
1160
870
548
734
591
685
1156
790
635
832
381
325
218
244
891
1670
671
533
706
776
735
425
309
485
855
1940
384
540
486
494
945
786
792
660
1112
1052
2193
2554
1154
863
1255
1415
598
1066
1278
1149
1302
914
2332
770
1509
1936
1592
771
1292
866
1463
1843
1117
404
720
755
441
285
276
317
936
1043
1223
994
1131
971
857
1011
865
816
631
707
463
430
753
564
516
831
644
702
705
444
545
1004
540
2446
2164
1176
421
425
415
425
358
436
351
485
362
488
462
374
594
392
497
476
392
468
402
387
499
392
517
357
487
415
443
463
438
452
408
379
389
374
320
254
330
316
217
350
174
651
384
266
231
218
287
1020
655
1166
711
231
197
203
225
338
246
263
215
303
265
1284
268
676
463
399
305
306
315
376
472
459
451
453
487
297
425
471
426
419
404
988
564
485
579
556
405
363
452
435
351
457
455
368
491
413
420
517
418
500
526
408
480
714
620
448
364
479
432
470
501
389
432
304
563
421
377
523
407
485
447
447
372
432
444
427
449
771
454
783
750
507
564
749
974
945
473
403
495
429
411
437
414
426
439
345
377
260
287
236
993
229
432
1111
892
403
729
905
1146
1821
1612
359
355
401
190
235
294
240
261
379
302
306
363
381
276
270
561
556
559
313
632
889
1007
569
311
482
475
573
481
487
479
545
652
674
613
642
727
682
662
700
723
720
671
594
638
627
656
694
1025
1394
593
605
576
702
700
642
703
715
613
683
664
604
623
556
1066
1556
859
1087
1756
2808
3208
1793
1170
3834
1118
1011
1473
1424
1758
1835
2902
3126
2025
1992
3639
1835
1615
2232
3258
3598
1569
2039
2215
1631
778
2028
2651
2191
1940
1555
2295
1675
686
1051
1281
1246
517
980
512
356
496
1043
1424
401
359
177
998
1174
1161
1339
2120
2292
2154
179
2101
932
424
363
1156
2289
1220
801
670
935
679
1043
1952
1252
1156
1312
1230
859
722
344
464
979
1135
688
1282
800
600
565
570
642
478
654
752
811
1134
970
1065
922
853
941
1067
1326
2126
1615
1635
1620
790
1716
1573
487
669
733
1650
2240
1593
675
604
591
632
539
634
1083
4121
1406
2344
2731
2444
2336
1524
784
1175
1118
999
1062
450
884
649
1435
1683
1240
557
688
947
841
432
497
439
857
734
776
999
1414
809
573
476
496
451
531
501
581
1105
1278
975
1050
1250
826
840
1414
577
893
667
392
303
294
269
1021
567
688
412
360
254
326
235
437
711
642
1849
2097
789
345
554
775
1234
916
873
1012
554
1539
1826
1762
1517
454
837
1413
1316
1237
1063
839
1296
870
1409
962
1942
1650
995
1409
1826
2182
2270
1897
1635
1368
426
856
695
532
404
1456
1460
1194
1133
942
740
866
1148
1230
776
497
992
715
487
645
984
805
423
509
573
484
430
450
663
515
563
412
447
485
433
452
406
574
684
622
660
666
598
567
638
632
557
581
958
1047
863
644
635
677
623
733
622
524
584
615
714
541
453
474
480
412
436
466
418
416
368
384
357
375
326
521
939
683
314
296
304
315
224
273
277
184
292
332
362
223
204
245
265
235
301
272
334
309
562
1045
360
284
285
354
388
479
474
610
463
482
422
274
291
262
227
316
352
374
249
325
136
132
112
92
160
84
172
120
90
89
162
128
124
151
106
114
76
106
59
69
85
68
75
78
37
27
38
80
209
292
275
401
309
390
327
320
342
345
357
375
333
371
307
358
299
328
849
1007
352
385
369
399
303
383
317
410
366
424
346
353
342
352
498
205
439
414
459
427
335
992
1775
2016
849
213
241
292
471
236
267
262
174
319
312
1907
3313
3936
1246
214
295
343
320
394
455
450
397
403
459
366
396
365
403
422
426
433
387
462
417
400
406
392
482
661
683
518
620
618
553
616
610
903
813
927
923
762
706
436
554
505
758
821
2247
1129
729
634
650
669
647
653
644
616
444
524
503
485
528
505
408
462
404
342
454
614
772
798
668
661
709
631
650
465
506
453
437
410
434
436
464
371
419
423
492
406
430
504
366
329
313
414
310
302
284
210
227
247
265
395
444
326
420
367
574
706
717
603
513
396
477
436
603
546
559
501
564
597
762
570
531
537
694
732
900
501
687
590
654
584
563
562
557
547
555
643
551
517
621
533
628
770
537
719
570
642
464
596
439
361
411
456
517
573
541
540
571
536
539
511
684
503
526
624
563
591
685
584
723
530
380
457
551
502
567
430
336
892
1568
719
1160
1261
1385
1241
2572
2157
1627
1658
1096
957
2997
1714
951
573
796
435
797
999
980
392
1661
1125
1473
1367
1317
2462
1734
1175
1212
1597
2303
2580
1888
557
2277
1129
1808
1545
2496
2108
2506
2208
748
967
2000
1089
2412
766
1216
418
662
1057
1520
2374
1308
1333
1843
1664
1560
1897
2754
1975
1683
1351
789
1227
1495
1434
1396
509
657
611
620
461
474
588
717
682
489
587
454
511
434
593
472
560
471
625
625
663
1526
1078
865
1058
1590
758
717
651
516
622
1577
1270
980
1379
928
2219
2308
2077
2417
1450
599
1793
1972
1294
506
585
680
725
1053
1427
1679
1469
1235
1276
1049
637
1138
1462
868
1037
859
1897
2175
1438
945
1624
1475
1710
903
1099
829
751
704
719
683
1126
1229
1056
711
1001
1226
1614
623
723
559
533
679
723
676
540
648
618
742
753
776
817
1246
1136
1217
1009
827
1438
3680
1447
851
1209
828
1177
1346
1236
1363
1038
1516
2410
1773
784
1341
2104
2101
966
618
727
546
862
844
1679
1805
2420
2062
978
914
874
1020
1114
3513
2163
1245
1838
2323
2376
2638
1056
966
1050
1393
1642
1340
1288
1349
1563
1411
1489
920
618
721
727
1239
838
888
1199
963
2028
1539
1546
1374
1506
1256
1191
963
1256
1051
1009
1712
1818
1142
949
884
824
804
867
674
1606
1671
1566
1017
941
1015
1159
921
2392
978
1270
973
654
596
587
605
734
1816
1189
1439
1233
813
548
626
635
637
636
567
629
658
593
605
679
678
557
605
588
616
581
583
496
563
410
2634
1557
1079
537
674
729
716
1344
1403
1538
1107
1071
1293
1266
714
701
983
1487
1378
1173
1590
1503
1866
1930
2842
1336
541
772
600
1010
1294
1484
1033
677
1041
1188
739
1127
1080
1189
1296
1333
1192
1348
867
1056
721
1775
1173
1752
2171
1076
573
833
1468
1912
1782
921
2060
1035
1449
1825
1142
570
871
585
893
536
1165
936
878
820
891
804
832
1024
1066
1165
611
1120
1029
1159
921
754
536
1203
1089
626
660
505
545
626
835
639
872
1413
908
673
677
677
554
639
720
705
740
777
625
662
691
581
838
588
728
670
675
722
673
724
797
725
632
763
734
745
743
729
652
727
612
602
688
628
633
581
551
645
582
735
694
681
761
732
849
634
650
670
795
592
553
784
646
479
266
612
594
405
450
481
443
268
333
373
258
391
364
474
499
494
509
461
527
489
499
482
625
542
632
871
785
589
558
549
549
503
476
495
554
487
611
599
605
423
660
527
581
561
628
614
520
582
604
570
528
555
577
461
444
565
728
525
558
549
593
524
473
673
469
514
406
394
547
870
800
489
458
497
371
412
611
1366
698
435
483
415
426
335
410
484
462
416
449
497
442
592
1053
1066
1236
451
1179
394
346
387
357
315
442
791
1075
273
254
325
183
203
220
169
255
246
316
136
263
212
216
295
409
123
160
291
313
141
178
214
320
263
551
920
270
484
526
470
479
505
519
485
374
429
472
437
550
526
456
633
608
457
612
534
997
574
582
592
620
499
526
596
379
528
467
524
520
558
575
512
551
534
598
527
668
589
575
625
586
585
535
536
445
433
438
429
348
458
506
650
552
503
794
475
469
389
491
546
455
457
554
564
626
541
525
473
570
586
659
573
532
494
507
440
408
585
509
490
1342
3342
3579
3821
1414
471
597
476
475
468
482
453
459
456
385
362
397
363
407
582
521
502
432
402
334
167
260
207
263
289
369
295
330
311
524
495
518
327
321
496
455
364
521
473
529
457
481
430
496
649
759
621
675
812
790
896
550
599
557
565
555
601
622
677
593
990
1280
741
1456
1108
575
682
564
684
644
571
495
469
461
399
407
594
418
381
419
454
362
418
389
472
385
431
408
300
343
478
375
431
436
360
371
410
374
441
464
421
374
397
429
399
360
327
434
288
268
295
255
369
309
271
202
230
265
161
141
166
143
131
165
202
227
350
158
202
120
166
210
161
364
195
263
302
290
412
354
718
564
579
463
425
378
442
483
489
543
440
606
439
532
556
380
392
329
326
481
538
528
557
390
426
312
359
320
318
294
434
399
331
324
407
367
429
340
270
329
324
261
302
383
414
346
399
315
439
682
1032
697
442
384
413
394
395
329
457
405
444
500
385
470
476
371
685
1441
950
775
706
1338
1694
2149
2388
2002
1177
984
2660
1780
685
773
463
996
834
1628
1418
1567
1380
1219
2421
1224
1255
2239
1446
3255
846
2380
1328
1939
2627
2874
2577
609
939
1322
2340
903
1009
319
1340
2325
2089
2110
2194
1930
2951
2741
1406
1120
2001
1965
1709
305
289
379
373
350
411
356
337
303
513
375
367
456
1415
1136
744
1578
676
536
473
449
1690
693
1194
925
1733
1852
2072
2511
2386
509
465
2834
1410
712
561
507
564
814
1662
1921
1169
1080
585
530
657
1369
751
764
610
2302
1607
900
1329
1240
2060
805
1000
709
538
683
576
800
1074
981
506
849
670
1542
859
584
502
532
571
558
401
411
490
428
537
557
515
844
1123
765
873
322
801
3116
1888
423
855
569
1017
842
1276
938
2148
1435
606
1056
2030
1488
674
251
204
275
649
884
1663
2355
2112
1001
1957
1732
3342
1267
1491
2008
1938
1408
2173
2170
2169
2109
1691
602
792
912
1346
1339
704
571
685
859
895
842
655
597
738
936
671
576
984
886
851
759
1294
1627
1492
1443
2012
952
584
802
911
906
1182
1679
1178
915
607
483
487
491
858
1464
1357
1446
804
1108
861
1234
1934
855
1315
528
447
425
463
523
1696
1063
1104
1296
1081
583
461
488
544
477
418
450
602
589
629
650
645
535
764
555
455
398
347
445
264
394
2978
1673
921
617
370
376
544
1083
1392
949
776
831
877
514
304
337
510
1358
763
316
213
264
182
314
207
1041
1409
1242
1477
1604
1839
2704
1129
520
508
560
779
1087
1139
1509
782
696
753
1340
774
954
723
807
1239
1009
1174
800
1558
824
1000
620
1897
1460
1744
2493
1166
1403
1963
2066
1246
1518
1523
1185
1813
1141
482
973
904
940
662
1309
1315
1305
1073
928
859
1355
913
753
751
1020
989
1147
947
483
737
1094
596
594
528
486
525
462
492
441
471
509
490
449
580
524
526
514
560
544
448
984
1107
617
520
377
327
437
445
337
296
318
290
234
193
179
252
180
220
192
221
168
159
215
192
183
443
290
325
387
198
164
225
211
285
246
333
289
313
405
480
542
492
551
482
507
541
569
476
627
614
637
684
689
737
764
579
452
608
511
517
599
646
599
626
624
594
579
530
564
522
544
538
536
524
607
642
565
666
593
752
601
524
558
695
534
592
503
394
454
365
485
443
729
1191
819
548
1308
1191
538
604
637
580
564
483
556
520
591
538
563
474
538
704
976
1315
1215
702
1006
