44
46
97
113
108
125
120
130
242
183
178
181
210
162
200
172
178
198
217
215
223
183
169
160
163
161
164
172
144
135
102
147
175
134
145
130
158
156
121
140
86
121
89
75
70
60
85
77
97
270
158
155
159
113
167
93
102
87
109
56
84
79
104
78
89
54
57
70
58
53
75
236
126
109
108
103
88
87
100
92
109
130
132
152
160
110
199
215
207
236
192
231
201
230
212
221
187
183
188
202
242
246
225
279
287
287
288
271
233
235
247
226
229
251
234
242
252
294
210
235
219
321
260
279
273
307
245
233
322
293
368
324
451
227
280
189
227
290
257
276
247
311
316
262
282
337
324
256
235
272
301
248
240
244
399
236
172
246
244
248
203
229
233
198
92
123
90
103
279
149
246
258
203
224
192
268
231
211
203
208
334
279
199
217
240
232
199
206
299
256
221
221
249
267
228
260
272
277
223
294
221
303
277
234
226
240
271
200
171
245
294
143
193
177
253
291
265
216
222
237
234
239
224
229
222
245
228
200
252
210
228
214
241
236
249
202
212
189
231
222
461
338
129
231
357
370
324
328
278
198
190
162
130
159
1028
203
152
902
972
228
176
168
191
303
191
174
184
244
194
156
146
232
245
191
145
208
151
203
179
235
158
184
134
110
137
178
131
84
103
186
208
69
96
153
189
88
159
223
321
281
232
251
268
308
270
256
306
268
652
926
633
676
610
522
390
567
395
316
366
404
822
943
848
606
862
919
767
1002
970
887
1006
1001
1096
2347
873
1406
2779
3811
4052
3812
4644
4603
4565
3930
3708
3338
2717
483
345
265
281
285
278
280
300
418
311
266
381
358
297
433
305
327
179
220
217
166
127
157
213
377
297
310
246
363
256
280
196
257
355
868
497
615
444
281
396
458
479
756
549
1241
834
1108
1317
528
624
275
774
749
685
2112
1396
573
454
654
597
766
715
613
884
902
1195
719
863
913
693
1858
952
459
472
599
760
636
554
709
762
873
1166
1170
450
205
1222
729
682
904
1019
552
1392
1216
726
820
1268
898
1134
851
224
220
395
505
536
783
864
496
243
386
943
856
588
347
778
261
207
192
204
261
1083
740
551
1084
1306
493
733
905
787
402
968
656
479
922
1251
612
1104
569
347
355
210
441
714
679
660
711
664
223
721
599
281
460
1020
198
257
343
347
174
590
618
402
733
686
1165
1070
1042
917
1273
903
784
689
96
127
234
707
1479
1220
716
227
421
1247
1264
1315
290
537
943
826
866
589
698
952
529
650
684
718
652
475
578
503
912
831
873
1267
653
542
300
247
311
246
269
215
604
578
489
193
309
205
148
201
198
223
297
291
168
214
284
178
317
206
206
285
374
495
629
401
209
334
250
323
373
1536
434
311
464
545
516
519
330
668
970
904
738
724
2024
427
423
841
619
300
597
378
474
766
906
804
980
711
345
261
227
227
355
233
413
849
813
689
1038
1472
1220
552
473
386
796
652
443
343
374
358
351
255
371
413
720
1299
1292
863
293
384
592
738
790
687
787
768
890
697
740
679
440
934
835
651
666
308
224
442
795
1089
1306
775
764
798
508
176
523
273
365
421
661
883
566
723
538
655
407
238
300
255
224
228
219
348
709
640
516
370
207
227
224
214
246
216
200
196
231
546
577
234
575
246
503
475
649
841
400
411
352
290
317
271
425
268
212
229
245
250
318
391
324
438
704
509
584
657
492
452
440
356
490
494
490
278
481
424
430
705
996
326
304
294
357
439
383
462
123
117
181
184
154
181
217
392
305
125
476
135
156
125
117
157
204
131
165
174
139
150
200
284
374
294
175
187
227
171
271
302
543
568
563
492
445
472
713
387
671
1562
1467
1948
735
401
1105
992
776
1301
342
191
218
334
472
501
501
447
569
602
386
438
964
884
1155
1195
1604
1297
1099
913
1363
702
766
826
548
770
761
238
350
203
222
230
266
181
212
499
315
331
503
284
429
327
663
675
325
519
369
674
284
642
327
286
498
252
564
337
302
412
397
442
435
327
234
286
422
413
212
225
489
229
291
313
624
274
274
410
504
600
416
389
433
607
600
442
393
440
535
295
288
412
361
287
241
225
522
429
344
193
194
205
263
287
546
467
1741
1269
673
1161
593
245
214
237
240
229
227
218
246
254
219
233
226
184
172
208
232
202
196
235
243
243
191
232
252
225
174
183
266
222
227
225
201
189
229
240
193
212
232
215
214
200
208
190
249
242
234
211
250
249
193
223
227
220
204
201
193
194
172
169
188
186
187
181
162
197
163
147
368
769
175
127
115
84
94
142
142
105
102
107
108
82
545
154
74
462
169
106
110
68
95
93
91
131
308
335
127
86
138
170
261
189
159
174
122
272
513
521
319
117
74
90
111
163
139
137
123
243
137
154
152
113
129
146
168
130
143
170
179
180
184
455
320
205
274
222
194
263
259
242
256
300
265
256
215
260
265
255
233
236
286
257
242
207
232
277
328
340
265
295
381
246
251
217
206
348
239
224
273
272
320
335
247
293
247
257
205
213
199
257
334
286
218
414
237
252
270
237
209
288
252
224
279
230
291
291
264
218
221
257
293
288
263
317
360
234
208
392
263
233
216
221
291
210
325
287
282
239
257
199
225
246
221
246
223
199
219
260
261
275
236
222
203
276
211
189
193
256
265
210
251
218
227
214
192
250
216
248
198
220
254
190
237
239
190
187
262
203
238
301
265
298
228
206
230
213
261
206
230
229
228
192
211
288
247
268
202
223
235
194
187
231
196
180
205
248
184
181
225
196
156
123
147
165
172
184
241
299
286
332
230
256
237
271
626
925
216
276
193
74
328
174
212
251
61
106
162
58
72
134
72
115
138
87
64
194
99
226
98
74
94
78
39
62
99
87
172
199
108
79
92
95
126
83
129
148
106
288
441
593
145
148
178
316
295
162
268
181
177
177
169
229
267
224
244
265
192
194
167
236
257
331
382
641
636
699
599
570
557
586
598
604
322
309
242
226
229
204
260
313
303
278
263
227
317
395
273
332
324
278
256
244
248
238
247
180
207
267
308
249
233
270
305
284
216
277
325
279
673
786
612
334
561
234
808
949
872
1493
1208
1036
907
616
478
295
696
534
449
950
1450
991
444
554
528
376
699
823
522
481
798
1111
992
731
940
930
943
1982
788
674
505
1194
1379
823
971
1268
792
190
543
787
881
225
206
533
992
671
1168
951
913
1268
1082
1046
395
707
679
1190
581
586
1198
532
482
730
227
222
228
264
258
263
669
517
831
986
1169
484
742
921
859
429
535
975
518
736
1356
765
858
480
517
243
253
506
650
582
565
641
370
177
410
533
311
154
151
193
249
146
181
571
465
204
328
404
188
478
834
423
323
893
525
948
1211
1496
2056
945
1011
403
103
77
70
519
1192
270
163
492
218
446
593
738
774
636
761
756
445
285
595
580
346
660
423
661
501
509
324
720
797
1030
744
371
458
398
166
353
179
437
582
532
224
237
326
117
119
189
285
675
230
764
238
153
198
187
191
233
190
221
232
163
183
190
247
317
424
587
575
391
497
467
465
317
481
561
591
552
497
585
823
1320
584
693
996
1276
620
355
385
683
877
809
1008
842
607
270
366
279
249
381
411
373
852
917
475
816
1147
372
186
652
701
373
388
339
348
314
319
250
492
446
730
1344
1341
867
272
375
589
719
800
825
825
729
968
852
591
873
563
687
747
886
796
773
428
583
640
1125
1039
441
397
256
367
507
364
637
526
700
885
835
540
779
534
416
507
242
208
252
285
205
230
298
485
505
286
535
191
215
228
259
217
248
298
416
597
238
533
262
559
422
800
466
524
335
226
251
268
279
327
237
226
234
266
216
206
250
329
654
595
493
562
503
494
300
350
225
546
370
535
287
680
340
490
1021
690
262
273
305
378
470
362
102
195
166
198
182
139
128
130
123
173
158
142
96
462
124
224
220
80
131
145
95
134
120
460
1076
1269
433
311
403
264
264
244
157
272
202
471
416
544
647
541
521
504
782
292
1089
1575
1483
1647
1794
444
296
1160
1239
708
1409
510
202
298
368
640
583
641
374
724
689
582
439
1218
838
1188
1144
1214
1654
859
1136
1312
1354
820
1070
658
684
244
383
335
402
304
262
296
230
656
427
279
423
302
289
302
393
399
1011
594
432
545
582
387
791
297
546
410
461
509
292
451
271
312
415
438
256
220
341
836
414
512
532
843
396
698
769
906
1125
322
265
290
460
217
271
284
537
371
244
259
283
323
237
297
450
321
225
313
333
523
428
275
260
207
242
184
387
610
390
1387
1132
757
1075
532
187
220
272
232
239
304
206
208
233
162
162
204
175
177
181
189
216
298
188
182
254
234
184
258
291
245
217
225
214
238
226
242
238
243
231
215
280
279
230
206
282
232
210
256
199
218
268
238
217
178
219
216
224
227
197
209
215
228
217
188
159
201
221
174
158
133
122
178
142
157
169
179
164
193
136
122
169
135
161
157
108
116
156
142
81
322
296
353
135
77
79
149
91
76
64
106
156
84
97
190
197
214
143
102
334
237
219
210
217
192
281
253
215
219
523
840
274
247
202
327
228
221
215
236
270
242
253
292
329
254
229
260
268
274
287
413
483
415
319
305
310
302
271
304
307
259
316
289
292
291
342
290
302
272
324
297
341
298
312
371
300
296
294
334
313
399
316
337
374
333
378
328
319
327
368
393
404
317
396
343
370
389
452
401
420
347
343
343
333
342
367
347
328
323
401
577
326
327
353
362
325
327
373
394
329
417
349
337
239
210
181
287
248
247
205
213
384
190
410
220
224
294
219
185
269
249
245
272
297
204
232
295
205
197
228
197
287
263
190
205
290
221
212
213
301
523
212
664
284
242
234
215
216
238
220
261
267
231
195
275
320
246
220
191
234
251
299
244
229
314
265
225
306
243
203
238
238
247
269
273
294
258
311
264
222
257
264
259
261
275
275
246
250
235
256
269
270
293
205
273
288
261
251
236
207
204
233
192
154
184
206
181
177
324
192
179
187
159
151
161
971
364
152
133
388
377
164
243
116
144
145
111
113
164
93
160
101
173
91
221
192
228
198
112
156
105
104
110
172
137
89
117
176
114
146
181
249
109
137
142
204
162
175
208
147
118
127
221
205
413
240
247
246
230
163
189
200
202
278
248
229
184
199
171
245
272
243
294
293
288
208
276
198
185
226
219
370
314
243
238
254
258
259
222
216
252
218
254
220
259
259
219
443
268
160
258
201
233
221
237
324
247
246
258
269
376
260
237
236
382
249
250
192
274
1034
519
425
444
246
378
714
814
904
1020
1711
1576
615
718
578
503
287
603
1089
953
715
276
481
223
362
360
427
564
508
496
475
901
1032
1015
771
693
730
791
1700
831
726
752
1247
1374
1475
1595
207
491
684
682
530
243
397
782
522
906
1254
882
1149
924
1088
439
525
657
1074
2492
575
918
1257
736
695
972
484
436
441
238
191
210
674
410
737
1052
1101
702
588
903
847
500
388
833
625
766
1084
852
1404
933
722
830
670
948
951
1058
1051
1076
1006
899
692
744
913
1060
881
945
662
198
248
256
220
174
473
611
206
318
364
347
467
259
182
660
787
457
411
697
539
853
1664
946
1488
1217
1398
293
230
243
378
303
2406
1025
438
476
535
369
533
673
669
897
890
878
699
599
468
339
475
841
463
395
564
797
1270
982
659
789
600
464
710
658
674
782
302
451
370
256
295
204
400
571
446
324
218
318
120
140
348
278
198
299
147
174
172
174
197
232
350
221
197
131
223
182
205
242
448
400
330
340
347
417
428
291
470
445
521
375
423
415
602
906
807
646
698
1204
1062
282
355
864
1267
1138
927
221
300
308
334
369
386
440
465
913
512
603
1117
613
331
510
878
481
491
428
422
380
374
378
320
535
484
565
1221
1251
1271
615
444
542
637
887
691
845
749
887
720
965
871
704
739
568
551
694
849
697
649
585
712
585
949
640
292
307
257
494
231
492
472
495
709
506
381
516
311
377
312
201
181
322
206
190
292
434
554
259
494
213
268
267
233
230
216
329
519
385
473
520
747
423
577
504
756
622
376
327
315
244
222
288
315
323
340
276
452
386
360
379
428
536
665
527
706
438
833
367
274
442
340
379
560
252
470
398
456
442
824
681
253
418
722
1049
913
796
650
852
707
849
391
346
539
677
694
645
721
1152
1488
1022
136
129
136
298
180
136
378
74
98
102
165
104
143
105
289
1338
1013
447
258
379
296
150
334
262
275
316
515
404
426
491
457
392
410
373
561
386
326
1190
1342
1275
1269
1389
450
267
646
946
1098
765
1043
401
228
329
329
615
607
633
421
761
856
342
577
386
1050
852
1128
1076
1727
847
1131
887
1193
1218
240
277
448
731
440
608
669
1208
615
381
301
273
481
348
388
263
299
308
295
324
564
934
792
656
885
841
581
732
472
743
320
570
340
487
545
277
279
321
384
369
272
310
305
465
346
268
259
469
502
258
259
421
365
259
220
512
521
192
351
263
364
225
217
472
451
246
256
285
445
427
526
302
198
224
330
268
585
396
274
1013
1117
740
1283
567
231
194
211
175
216
204
174
203
172
167
185
226
194
219
248
198
178
192
235
230
219
267
180
261
157
236
153
227
232
198
250
200
227
230
253
222
133
169
203
206
218
219
225
175
197
278
223
199
211
190
185
263
253
182
196
220
170
188
199
230
242
183
180
190
167
199
190
93
113
246
125
161
156
142
119
132
131
256
178
143
109
88
129
314
113
172
314
88
103
125
143
125
96
168
128
629
958
481
78
228
239
126
173
145
86
167
65
78
172
115
121
124
422
581
70
91
308
156
98
120
136
120
74
109
94
91
119
154
271
205
382
132
200
135
140
171
134
154
158
149
108
166
137
158
145
216
157
190
144
139
191
160
235
185
133
153
200
198
140
193
187
191
251
195
204
209
195
341
211
165
164
210
254
190
162
190
314
200
186
179
226
189
159
226
152
159
193
171
184
222
194
173
186
150
304
168
326
248
164
218
171
153
128
154
208
203
155
158
802
1959
1536
1128
201
181
159
153
201
201
171
184
473
520
588
591
486
536
549
498
302
231
191
194
186
236
195
164
167
273
226
273
306
294
326
272
317
348
188
160
230
202
177
241
226
211
172
175
221
268
776
953
233
201
231
280
252
264
199
302
207
199
196
369
517
333
566
179
571
486
495
341
536
668
752
724
669
620
688
674
666
673
542
772
328
598
588
629
890
341
139
124
160
119
366
599
128
147
152
227
470
137
109
70
112
114
84
86
56
117
102
78
118
164
301
132
69
154
91
81
94
92
102
96
84
145
110
161
139
117
136
123
109
216
153
164
143
102
148
217
797
161
537
426
566
227
209
179
192
164
158
260
226
197
219
196
236
273
267
229
353
906
265
398
296
345
226
327
250
242
282
482
297
371
298
276
263
196
143
220
301
275
230
257
360
231
275
295
229
222
258
298
185
255
268
264
289
709
214
322
236
241
223
209
272
354
649
556
484
215
249
347
344
392
580
513
981
645
1332
1465
1201
858
994
7376
6579
6275
1732
1047
838
374
438
244
266
501
597
620
977
1981
7640
6399
6326
9458
25967
889
873
115
922
959
887
1210
1500
698
733
948
1449
1658
1486
282
1027
1036
316
407
572
747
489
914
956
871
1131
1096
1079
626
290
402
417
892
731
622
1265
362
345
579
221
198
196
213
227
557
482
897
924
954
487
707
716
819
437
512
774
535
842
1146
891
942
595
485
356
422
596
628
556
569
578
322
272
451
498
344
201
222
247
269
956
1116
205
448
575
209
282
223
307
314
191
242
684
868
348
204
787
340
632
852
1009
1013
1120
1283
1075
704
167
152
1172
947
254
652
351
247
283
615
750
960
800
770
502
677
473
378
384
693
561
370
454
404
483
679
357
483
332
365
553
667
564
953
500
254
405
218
194
179
252
243
570
517
469
187
495
297
834
738
236
285
293
233
213
286
401
390
301
269
271
235
266
328
254
317
449
433
554
456
278
425
539
407
435
316
390
490
460
446
390
383
673
877
690
669
623
1135
1011
396
266
537
854
1245
971
591
260
248
313
291
330
351
602
939
493
1265
245
403
828
323
336
284
332
430
354
294
379
443
733
1052
943
721
332
435
533
755
711
807
640
719
703
967
754
615
640
426
578
520
801
625
502
439
666
770
727
411
358
203
388
369
258
529
395
653
594
426
560
324
309
393
224
252
195
180
200
342
491
352
346
518
340
216
331
227
207
249
278
424
609
246
306
396
265
612
480
618
483
438
268
246
260
259
242
316
223
266
292
287
217
212
270
386
702
548
730
430
574
296
270
278
387
347
367
224
460
225
475
681
513
277
299
336
408
424
263
118
228
97
128
90
117
127
127
764
895
775
292
379
249
284
454
252
486
290
497
238
261
164
100
209
266
219
104
751
981
959
129
255
358
182
198
288
227
267
450
495
360
426
412
380
372
288
583
529
261
791
1134
1059
1150
1404
923
231
270
593
655
600
453
962
346
252
458
608
668
610
788
361
681
621
539
375
1487
845
348
422
779
730
1110
826
725
867
499
272
589
703
319
547
928
535
732
1111
614
503
221
183
352
368
477
278
239
202
166
119
126
150
102
215
678
258
676
367
697
526
437
557
680
451
515
456
527
330
372
639
235
630
249
567
377
254
377
330
262
201
182
248
360
393
265
299
213
303
370
461
288
356
244
458
410
295
267
177
278
267
435
569
216
324
1276
1170
1030
1134
979
197
192
229
237
188
156
259
246
179
192
166
231
205
201
150
251
234
205
157
183
305
245
217
183
191
313
281
171
221
256
241
249
227
170
222
255
213
219
183
169
218
233
266
188
204
247
270
186
171
187
300
218
197
219
224
271
192
247
191
204
248
219
189
203
176
197
192
218
156
162
158
114
140
150
180
166
150
136
81
209
141
87
87
399
252
123
261
103
163
86
145
99
119
182
105
96
924
195
460
532
634
540
171
114
117
77
120
136
67
106
119
241
97
94
152
123
140
101
114
174
129
143
122
775
509
131
137
318
358
289
174
209
190
156
149
136
170
171
144
202
174
282
190
184
275
207
244
222
231
220
267
135
162
194
231
256
215
208
218
191
228
208
196
576
412
359
205
187
298
302
277
308
248
197
208
187
176
221
231
225
210
185
166
229
228
241
214
202
166
228
263
222
191
214
206
302
215
261
157
287
213
223
303
196
212
229
251
379
335
235
385
213
235
188
176
284
195
219
213
243
227
298
203
184
205
226
206
150
154
257
306
243
178
176
201
270
253
200
207
194
291
264
183
247
200
175
197
220
212
226
218
212
215
252
197
406
365
230
224
339
444
400
350
249
258
254
310
265
484
413
561
551
394
223
250
185
218
255
240
210
219
189
222
223
214
209
205
222
204
237
202
157
188
195
182
134
126
112
175
134
102
436
557
138
91
168
264
595
516
463
429
285
118
430
299
452
453
248
898
976
845
870
742
117
242
210
145
221
180
110
80
137
98
125
169
131
109
110
151
207
172
157
145
175
131
166
197
217
164
140
136
106
164
227
334
234
322
335
224
200
113
170
462
490
399
577
430
344
225
164
147
213
269
224
251
247
326
293
188
253
234
264
215
248
297
319
333
309
365
306
307
348
294
370
357
353
329
291
371
334
366
357
366
307
413
354
317
293
301
304
334
327
300
304
352
287
407
399
626
691
703
303
290
295
310
291
285
329
373
385
315
317
325
377
326
343
372
313
300
324
359
384
280
274
330
315
308
280
276
279
787
724
832
382
477
342
745
551
1205
911
1897
1887
1321
982
811
676
494
2283
1551
417
701
457
554
709
764
644
780
381
1377
938
897
1535
1367
1057
2069
1109
916
890
1102
1705
1934
645
1190
1121
494
1276
956
1802
1456
1773
1825
737
832
1552
487
908
1307
965
666
225
553
677
1351
1907
744
1179
1012
1078
862
743
812
1191
1104
1092
583
391
295
517
534
663
618
613
633
286
231
450
530
342
170
147
209
222
274
414
629
822
602
180
221
174
185
78
99
256
742
841
333
683
478
534
805
1076
1044
921
1371
1396
758
91
88
940
1161
268
664
340
84
116
247
420
736
1057
1232
770
450
387
414
193
477
629
306
239
440
390
653
1287
665
530
722
630
526
630
682
569
661
605
254
508
214
181
163
276
188
410
569
647
488
243
445
324
958
552
248
284
316
212
353
295
275
306
336
259
219
260
394
405
347
328
483
628
506
543
427
501
564
436
486
403
450
447
494
463
604
565
761
946
1180
862
753
522
1113
1042
578
344
446
837
879
971
602
263
224
306
363
378
355
910
740
901
1339
1233
360
337
338
327
277
328
263
302
330
277
262
259
375
498
585
1987
2134
703
703
1013
1331
1423
1308
1271
1173
917
1419
1140
384
293
491
666
509
597
521
492
507
537
525
202
248
617
267
242
407
457
978
637
1046
918
322
281
276
285
403
475
472
548
293
225
207
231
266
221
218
295
562
531
203
520
256
515
484
707
707
448
361
321
252
234
242
215
281
205
246
288
243
224
277
263
318
632
473
786
492
635
340
600
450
728
522
438
388
354
486
666
748
340
237
374
519
488
179
221
171
157
146
141
153
122
147
217
804
324
243
303
385
311
101
137
223
158
96
150
176
106
129
100
337
299
412
451
191
267
1582
1815
282
510
279
165
180
258
296
282
493
596
638
583
333
323
550
645
367
176
378
708
831
738
1088
805
957
994
523
195
259
316
521
557
856
628
688
728
509
374
689
513
326
680
616
645
225
751
658
563
399
1193
749
1073
577
364
631
606
803
1081
745
922
1260
1452
818
926
971
733
902
748
620
215
211
546
310
398
297
289
243
221
183
926
530
804
656
539
655
614
519
639
303
365
375
634
232
715
433
532
698
255
521
239
258
353
639
470
245
279
208
224
421
462
522
479
326
217
206
292
217
343
230
230
254
200
230
246
204
269
394
253
262
301
262
195
217
198
249
247
238
222
211
207
245
194
212
254
320
359
325
349
273
370
290
322
344
312
286
265
302
313
325
289
343
286
271
297
284
513
445
466
581
521
342
327
317
313
322
352
325
310
313
344
389
326
296
271
253
232
352
323
292
391
323
321
220
221
232
257
217
210
270
230
182
197
239
280
186
197
221
211
205
163
205
213
171
172
185
217
158
120
206
123
398
416
523
529
154
128
186
141
155
131
173
181
134
127
97
159
114
108
169
100
84
85
207
219
113
202
160
113
110
125
79
110
135
118
147
147
88
166
135
143
129
162
172
149
160
224
338
510
535
244
116
97
187
116
169
195
159
232
156
230
249
252
222
287
323
241
222
285
197
171
251
130
144
169
122
152
110
95
132
151
165
208
144
202
172
119
130
130
195
83
53
31
101
40
72
47
45
106
54
34
50
71
101
75
45
48
42
47
42
90
72
62
66
67
57
70
81
66
40
52
62
26
50
35
71
33
26
37
32
63
22
23
45
47
28
52
26
19
18
14
13
22
16
21
59
88
121
164
128
120
155
211
190
160
149
217
173
161
166
192
128
144
198
168
177
224
133
134
241
206
127
185
186
166
141
161
197
159
140
172
156
368
481
475
532
189
163
202
183
170
199
214
185
129
174
182
201
163
154
195
215
169
197
219
205
161
185
188
165
198
144
212
140
378
120
95
110
182
257
196
218
211
248
215
212
99
236
418
574
913
862
1049
967
718
131
109
104
105
136
204
88
230
241
119
117
185
82
141
121
87
87
141
178
202
110
336
1571
1579
1734
1896
2040
1154
92
94
120
139
156
141
202
141
179
171
223
219
236
220
230
209
188
199
204
223
236
186
180
213
183
197
168
175
228
238
184
190
236
210
223
202
185
181
281
227
190
217
183
223
183
189
203
239
243
264
397
384
299
259
259
297
323
322
296
244
309
311
305
312
298
335
568
487
326
538
389
402
521
433
329
346
360
168
268
275
279
279
226
410
348
436
385
1073
1174
668
461
413
316
339
295
348
302
308
361
299
348
326
327
294
350
317
299
223
221
253
271
258
245
249
236
241
287
266
239
182
226
236
226
221
183
179
163
198
256
276
338
369
403
414
384
359
309
355
306
255
454
365
266
417
233
227
238
285
221
213
240
224
213
222
188
236
198
188
248
188
276
172
199
198
221
221
202
245
247
235
171
234
196
336
168
135
231
173
156
170
143
117
297
167
143
156
146
185
99
94
116
87
140
143
104
135
130
179
216
242
202
171
155
208
212
211
156
225
349
344
362
318
399
275
328
302
211
186
210
227
250
252
184
297
306
264
282
233
326
250
251
325
239
280
317
340
422
277
293
294
237
230
307
324
370
413
319
435
465
319
182
409
278
307
283
342
312
318
266
297
266
226
336
246
311
263
284
257
298
297
346
296
255
249
268
314
307
276
257
308
320
591
179
229
308
371
348
317
253
362
280
246
218
257
339
240
199
196
165
196
215
192
264
240
277
335
238
243
298
289
251
297
274
310
226
334
205
242
269
298
386
199
304
210
316
327
297
276
287
314
277
353
332
244
340
333
390
259
271
249
131
166
291
291
260
276
226
267
300
213
217
170
166
210
682
700
868
319
400
365
795
701
560
444
941
750
491
1480
1092
1178
979
1091
536
867
791
380
716
311
646
1477
1520
1045
669
459
492
349
224
412
384
226
209
390
407
515
484
396
584
180
212
493
1168
658
467
724
749
759
608
876
441
989
1473
916
818
509
666
361
851
632
965
1224
1079
1168
1412
1437
451
185
372
1396
881
740
389
927
881
395
1150
1170
1326
923
1185
1489
1017
1434
774
345
403
451
516
1020
980
263
826
1312
1100
596
170
569
647
127
291
257
405
702
355
695
825
1001
1373
963
345
713
620
781
1062
831
833
958
602
750
1147
1410
1344
875
1100
1213
470
759
592
439
350
539
688
775
720
700
734
592
804
290
219
338
319
282
329
348
272
182
279
190
284
231
357
374
343
320
362
302
187
307
280
226
228
265
246
193
241
305
288
239
233
284
276
265
206
264
361
339
286
346
317
686
840
721
357
341
524
557
501
628
962
472
286
382
335
380
271
223
293
294
328
565
1012
755
515
397
583
968
411
337
591
1103
1116
1039
1269
1104
973
1306
1111
1084
366
364
235
362
1431
1392
580
887
407
271
235
290
295
326
354
367
358
563
490
670
757
755
924
979
490
779
456
775
501
512
537
340
297
447
691
779
683
451
417
466
571
415
444
672
1225
1365
810
630
808
371
574
778
846
646
829
1237
473
434
469
632
467
416
413
438
313
364
340
424
295
361
322
536
590
564
665
530
526
310
401
500
501
324
902
999
615
290
333
371
352
338
221
262
271
360
319
379
344
345
331
305
235
335
313
337
281
336
406
351
402
323
453
325
492
507
739
574
562
674
543
526
483
368
459
380
1058
1976
1704
1079
368
377
474
605
604
496
332
567
610
609
737
644
592
237
1126
551
487
766
750
1348
1062
1243
530
337
447
474
867
1029
1075
1010
1091
646
320
267
351
363
364
231
315
445
417
471
373
575
1104
1063
742
1508
912
1330
732
583
395
433
481
455
419
314
706
681
433
1770
1743
1603
560
544
701
822
1016
1107
1216
1059
1317
1326
1312
687
369
421
545
560
490
639
754
869
773
700
640
838
450
603
746
691
872
734
677
797
692
434
486
321
297
323
398
320
407
524
715
418
420
422
466
521
678
493
470
861
1167
1033
506
958
588
675
699
505
1001
864
392
870
321
378
585
740
516
319
732
375
634
763
949
1107
711
664
478
535
414
416
468
473
351
378
426
516
351
326
348
797
809
698
973
451
1115
506
511
483
458
410
605
367
792
339
582
1366
1026
506
472
646
624
685
288
395
259
289
307
278
309
311
294
311
423
1317
499
571
618
691
748
589
644
446
367
307
241
343
283
312
323
328
309
332
304
297
270
313
316
306
352
317
276
296
309
334
345
345
333
272
285
307
298
234
354
348
268
267
314
275
308
254
242
289
274
213
197
1043
1591
1181
376
464
615
299
238
351
323
383
346
381
335
702
642
727
676
822
716
386
721
657
414
746
547
765
501
399
315
305
396
348
635
686
801
689
689
573
600
728
862
854
649
905
961
987
943
1335
1507
726
610
328
213
385
387
250
350
489
521
680
614
562
922
483
550
327
350
356
685
756
432
442
297
683
444
663
417
466
723
601
695
473
860
385
807
367
981
499
368
615
441
403
318
880
895
603
570
1111
641
904
1267
616
460
260
313
329
504
661
807
1026
886
1101
681
413
508
997
1063
704
331
731
718
697
1128
604
538
299
271
297
574
331
254
571
322
306
230
364
801
539
397
504
374
481
339
308
583
397
407
444
388
716
308
678
388
602
563
251
360
709
411
449
580
357
802
349
572
505
249
254
282
521
682
697
392
309
317
382
278
279
226
212
333
264
362
399
436
329
310
316
556
736
677
544
364
318
355
308
369
337
340
287
267
313
326
380
340
372
333
365
375
381
396
347
278
285
377
393
298
280
301
452
386
288
300
309
419
379
291
326
349
359
363
342
331
373
351
378
419
357
368
330
302
417
346
338
396
361
384
354
389
400
329
321
331
354
373
337
275
287
315
369
319
293
335
335
298
325
256
248
303
315
330
281
301
325
410
351
343
323
358
334
427
353
379
509
340
344
290
295
355
367
303
361
434
335
257
274
279
376
408
314
332
302
177
121
145
377
235
247
347
253
152
222
228
280
201
162
281
132
136
139
194
202
171
126
132
237
154
133
231
244
230
228
271
262
232
257
252
232
229
246
281
276
213
223
276
268
214
353
272
241
301
249
383
459
412
413
372
317
272
255
303
267
282
277
272
251
252
212
264
239
256
278
276
231
256
309
302
301
298
299
306
245
178
341
319
276
251
236
345
329
232
345
283
317
297
302
218
264
318
267
337
314
256
240
288
297
258
299
278
274
187
204
240
274
291
309
419
325
200
264
294
304
245
261
332
308
216
226
247
342
331
237
232
201
313
206
200
194
200
235
312
437
433
443
357
257
232
230
228
234
263
207
164
194
218
180
431
547
819
512
186
209
226
234
249
177
238
224
202
166
169
201
209
290
194
245
217
226
190
214
235
248
249
213
229
245
347
493
560
502
564
626
610
229
222
554
625
212
182
156
190
152
235
202
155
134
181
230
212
335
456
500
575
151
122
115
139
179
146
81
102
127
76
151
69
75
94
127
128
123
123
134
182
66
70
128
135
86
126
87
129
164
131
246
163
60
63
72
88
115
176
168
145
69
72
92
86
87
127
130
190
102
161
214
337
451
469
140
130
305
179
288
238
184
286
247
232
215
290
254
265
264
221
197
177
193
236
189
283
186
251
273
277
285
241
192
264
287
346
306
302
213
244
286
326
266
268
671
326
293
281
296
286
313
279
338
282
244
255
204
322
323
273
238
141
275
253
261
206
275
249
305
215
215
343
314
261
262
250
304
247
265
269
253
345
231
296
390
278
347
242
265
310
351
274
333
253
312
273
245
290
229
307
222
223
224
209
225
213
218
211
181
167
202
256
265
241
325
325
281
271
245
258
242
552
203
272
265
204
190
199
236
255
260
286
251
204
215
242
276
278
299
265
276
350
277
264
289
236
244
229
225
345
319
267
274
385
299
274
239
293
276
218
277
230
225
215
191
217
300
285
281
228
228
262
282
1060
1678
1664
1711
1868
1955
1866
1196
218
219
252
295
302
260
216
216
259
234
234
270
212
221
232
226
233
237
219
180
205
163
199
199
198
188
175
229
178
310
272
285
236
206
296
239
193
172
230
201
133
69
98
142
118
131
76
118
145
129
160
176
193
171
124
143
187
148
163
198
326
181
314
295
223
181
146
153
168
228
268
246
209
189
175
270
251
233
240
276
253
222
235
240
241
211
219
236
260
273
376
378
381
314
307
326
349
411
401
420
370
492
404
298
252
326
273
269
288
287
278
275
280
282
319
323
299
322
355
288
305
391
599
648
632
464
277
431
1025
816
292
281
294
358
324
288
276
384
300
250
394
253
318
232
263
237
232
241
220
210
189
188
219
303
291
227
191
203
178
189
230
229
225
193
169
203
215
197
192
231
241
187
198
240
191
196
212
143
157
185
158
268
210
166
209
213
218
223
213
173
187
177
194
197
213
186
188
223
218
266
198
190
231
162
212
214
183
246
183
190
209
175
185
146
181
190
244
151
137
125
143
149
146
152
103
163
206
205
104
147
124
119
83
140
90
96
169
84
77
57
84
108
58
68
75
69
62
92
73
105
97
108
119
131
219
78
80
131
71
70
50
82
84
79
131
68
93
206
158
92
103
152
111
122
180
186
104
174
238
180
174
372
346
298
266
245
334
258
205
166
259
199
179
207
235
213
270
252
237
243
300
248
192
230
376
256
183
241
291
259
297
235
145
188
204
174
155
170
156
206
275
256
282
243
285
352
205
174
216
244
182
157
155
182
177
153
167
170
148
131
163
285
149
180
219
159
172
150
174
157
250
190
177
253
176
192
148
149
121
176
153
159
165
152
109
176
126
187
196
148
266
177
169
198
201
167
148
261
178
240
442
473
559
459
238
197
245
164
220
226
187
188
206
209
186
151
178
179
278
183
222
228
216
284
216
170
215
236
234
225
251
183
188
237
448
836
605
637
313
573
202
268
438
791
547
1017
677
1056
1093
1262
1126
1129
873
856
321
702
282
1105
1555
1179
601
313
372
298
475
197
266
499
497
658
176
357
1271
851
567
567
1000
595
785
733
486
1484
937
574
650
516
739
1243
996
218
1228
1553
1702
152
694
1200
1180
481
847
829
1110
1395
1232
1208
1666
1261
1316
176
433
389
550
899
423
954
1386
703
200
873
136
182
137
845
495
1011
1314
1496
593
1003
1107
1277
917
1238
692
1301
1650
1076
1665
679
727
569
551
923
1078
1024
941
921
788
165
140
157
132
190
189
167
206
177
173
167
244
159
197
179
158
149
154
280
233
180
195
191
176
230
226
591
824
876
260
378
366
675
903
295
381
297
239
213
260
270
179
640
1050
425
268
335
859
536
389
608
1125
1032
820
851
1221
1421
1090
1218
1168
285
224
205
260
1656
1178
605
805
505
207
340
221
234
273
270
294
429
385
747
915
849
1072
411
758
356
724
305
280
282
248
224
433
811
558
438
313
443
321
313
297
998
1304
1056
551
661
239
680
649
713
527
1402
658
463
342
596
404
321
388
248
290
324
359
309
267
377
423
588
486
567
414
284
222
413
436
435
235
776
766
582
277
282
302
235
267
292
240
302
269
245
313
208
193
235
176
219
271
227
201
287
250
327
230
258
257
400
444
668
455
341
424
391
482
156
166
347
454
1545
1571
1565
323
192
231
532
323
186
383
487
530
709
133
786
490
428
510
772
1376
852
583
475
131
361
695
985
1045
821
667
544
130
147
104
93
111
86
189
344
305
330
554
1065
598
816
1539
917
1195
499
502
1195
762
509
1223
1683
1659
855
412
555
936
910
1098
1120
818
240
1168
998
1175
1294
876
1315
854
939
1170
982
709
272
330
380
412
503
409
646
700
733
606
396
308
271
300
349
336
429
430
455
440
514
328
353
302
288
309
304
434
469
467
319
352
305
271
558
426
444
442
561
290
376
383
386
908
656
971
961
531
958
485
920
1092
302
650
327
257
324
478
646
265
283
623
271
911
641
1038
535
643
483
432
304
303
272
211
223
264
236
255
274
584
815
649
891
466
947
499
505
299
344
764
311
550
436
798
1381
553
405
450
672
643
339
189
239
208
193
232
237
226
222
301
1174
522
489
574
523
581
688
608
537
544
323
260
253
208
231
257
251
293
256
221
212
206
225
225
301
301
289
300
305
324
332
318
337
308
256
279
338
426
272
283
250
205
234
164
170
177
231
214
120
144
149
245
1359
1619
1280
393
441
480
391
226
177
193
204
172
290
254
508
575
621
771
702
247
437
339
414
417
478
399
350
164
143
161
127
210
193
317
574
784
532
231
151
165
104
109
132
132
91
91
138
176
122
85
137
904
744
665
584
658
851
626
671
933
949
890
1236
1468
560
569
195
325
257
251
392
168
340
439
463
624
637
502
953
556
541
241
292
404
268
485
861
479
437
337
337
617
272
451
346
461
772
467
519
490
305
869
299
501
751
807
474
350
684
316
292
328
1084
813
735
725
835
909
1073
1420
623
543
558
845
982
981
930
1136
881
365
484
1034
1007
516
522
663
635
1178
485
656
247
235
300
673
505
399
540
400
385
277
371
938
521
794
397
908
350
723
496
432
492
367
575
780
286
627
254
499
505
246
707
313
734
255
776
371
544
403
252
231
270
467
539
555
300
296
312
282
231
297
256
230
240
285
234
228
245
247
211
230
243
228
274
235
272
218
222
227
291
289
258
266
260
266
224
290
283
277
247
297
202
246
468
516
545
562
356
261
304
216
212
165
159
168
200
237
226
219
169
168
155
141
137
181
158
132
96
138
86
107
94
85
149
103
72
108
138
82
66
126
119
102
55
113
90
69
118
97
122
70
71
112
197
246
205
85
154
171
207
180
99
99
82
82
130
95
101
110
149
136
105
141
214
119
137
152
191
122
209
196
182
298
315
227
239
253
292
259
251
231
281
226
250
291
292
277
234
242
302
325
270
344
288
349
342
342
350
339
395
342
410
354
330
249
211
241
304
304
248
263
250
267
276
323
357
289
279
320
337
289
309
315
258
336
280
299
262
268
260
304
262
260
220
324
288
250
245
291
274
250
261
346
343
299
233
332
392
274
279
314
392
360
336
265
270
254
291
267
337
358
290
244
303
289
212
291
237
157
232
222
186
179
172
313
227
216
216
513
586
605
544
275
327
221
527
781
800
391
260
278
317
287
281
356
309
271
291
273
248
235
268
288
282
238
258
333
231
307
285
278
246
228
203
335
345
359
455
521
608
707
568
647
454
248
274
732
