417
831
1375
1628
1684
1646
2194
1845
2015
2208
2540
1996
1989
1627
1461
1599
1577
1377
1062
945
651
756
649
515
581
402
431
364
355
330
483
303
409
434
229
323
312
459
592
606
482
945
1229
1368
1924
2078
1969
2253
2119
2370
2438
2584
2778
2553
2461
3113
3066
3203
3097
2813
3442
3381
3183
3526
3394
3616
2997
3698
3476
3437
2823
3115
3167
2921
3216
3157
2957
3666
2712
2986
3280
1303
3954
3507
2640
3374
2839
3007
3006
2920
3112
3410
3154
3066
2870
2399
2887
2890
1726
2558
1449
539
1902
1921
2295
2537
1711
2934
2642
2798
2810
2705
2864
2798
2690
1939
3265
3050
2830
3539
3392
3152
2688
2891
1987
3629
2954
2998
3036
3336
3081
2888
2049
2940
2389
3023
2664
2364
2479
2423
2649
2729
2430
2873
2598
2510
2511
2619
2132
1986
2163
2019
1639
1783
1587
1512
1265
1235
1038
1166
852
898
873
771
540
567
536
452
485
416
282
470
448
371
401
409
280
368
490
511
592
718
773
921
1206
1408
1337
1743
1901
2134
2219
2442
2324
1520
3108
2804
3085
3039
2874
3142
3197
3233
3097
3345
3190
3533
3047
3471
3707
3413
3639
3125
3664
3446
3549
3517
3594
3450
2891
3569
3295
2342
74
3324
3655
3594
3055
3989
2872
3044
2986
2921
3092
2904
2965
3147
3331
2903
2925
2441
3054
2657
2767
2818
2469
2661
2310
2778
2757
2492
2826
2717
2439
2451
2899
2476
3120
2274
2746
2984
2789
2753
2707
2475
2413
2768
2457
2658
2341
2666
2932
2857
2962
2784
2903
3050
2735
2634
3128
2576
2531
2612
1878
3113
2922
2824
2640
2760
2425
2373
2600
2669
2157
1864
1958
1876
1871
1541
1360
1378
1147
1194
1141
957
760
816
687
609
629
528
215
356
325
308
347
377
362
306
360
406
534
409
604
682
977
999
1215
1501
1334
1711
1556
1422
1722
1971
2060
2080
2266
2523
2315
2430
2803
2734
2847
2924
3105
2795
3145
3044
3102
3414
2829
3291
3122
2195
1929
3493
3120
2778
3002
2747
2824
2625
2320
2642
2649
2544
2166
2267
2455
2230
2490
2751
2363
2393
2102
2291
2054
2123
2116
2639
2471
2230
1846
1909
2453
2192
2443
2352
2690
2284
2207
2352
2528
2324
2215
2710
2688
2670
2559
2912
2443
2677
2794
2258
2505
2639
2507
2558
2924
2647
2464
2429
2561
2462
2644
2507
2591
2435
3252
2864
2670
2579
3169
2670
2599
2284
2497
2197
2039
2044
2508
2313
2269
2096
2252
2520
1720
2085
2031
1455
1439
1223
1227
1062
1136
1172
1025
992
784
950
695
454
430
468
405
341
441
509
329
345
397
445
277
374
337
681
643
658
851
1007
843
1014
959
989
1167
1313
1255
1355
1179
1316
1846
1930
2002
1749
2088
2259
2074
1805
2449
2352
2017
2484
2458
2262
2267
2111
2129
1931
2286
2097
2460
2321
2322
2319
2041
2514
2397
2263
2225
2381
2359
2421
2365
2223
2250
2444
2173
2107
2037
1811
1862
1877
2209
2461
1926
2192
2064
2003
2273
1971
2007
2170
2365
2100
2307
2548
2312
2496
2134
2528
2812
2737
2766
3136
2889
2894
2661
2951
2848
2590
2921
3016
2805
2749
3428
2804
3010
2877
2860
3130
2785
2597
3505
3197
3329
3049
2651
2726
2325
2550
2371
1943
2496
2266
2138
1776
2007
1579
1623
1505
1477
1237
1359
1027
1110
992
791
840
759
583
388
415
399
405
382
275
352
215
335
245
421
478
439
427
604
779
698
966
1292
1810
1738
2117
2067
2158
2489
2749
2953
3338
3255
3382
3162
3625
3603
3555
4027
3945
4258
3914
4038
3599
3953
3729
3927
3975
4272
3353
3811
4296
4016
4054
3949
3589
4025
3700
3666
3775
4254
4039
4125
3793
3707
3612
3281
3340
3324
3433
3456
3650
3854
3649
2912
2977
4516
3572
4130
3873
3698
3771
3370
3160
2923
3008
2970
3112
2895
2728
2449
2649
2936
2903
2943
2897
2656
2978
2420
3182
3056
2431
3012
2804
2840
2637
2883
2846
2272
2713
2595
2333
2601
2797
2147
2711
2573
3214
3344
2634
2601
2799
2770
2880
2696
2427
2508
2550
2607
2796
2634
2109
2307
2417
1855
2262
1837
1625
1675
1414
1234
1336
1013
1048
960
915
862
664
504
442
554
343
383
248
333
470
303
399
325
216
311
401
534
476
563
747
1342
899
1547
1658
1541
1611
1992
2279
2231
1887
2869
2800
2700
3337
3410
3109
3022
3246
3403
3038
3729
3712
3472
3517
3513
3388
3688
3755
3685
3702
3203
3698
3252
2802
3409
2794
3443
3323
3057
3666
3890
3655
3809
3370
3827
3589
3437
3457
3461
3661
3439
3883
3165
3081
3292
3049
3579
3077
3143
3350
2870
2938
3338
3392
3321
2827
2815
3059
2364
2400
2806
2318
2950
2887
2594
2685
2685
3160
2858
2820
2844
2646
3165
2753
2761
3044
2699
3717
2696
3566
3223
3408
2851
3001
3191
3176
3094
3247
3318
3500
3210
3443
3293
2780
3580
3780
3950
3510
3436
3609
2900
2862
2757
2727
2487
2583
2572
2346
1889
1714
1730
1435
1370
1391
1256
1043
804
896
854
810
653
625
600
565
460
330
404
545
444
428
244
573
223
400
383
489
541
414
705
754
1058
1179
1341
1970
1880
1835
2001
2123
2384
2280
2450
2675
2573
3158
3040
2906
3068
3285
3105
3186
3325
3060
3098
3294
3550
3691
3762
3439
3362
3351
3537
3024
3959
3397
3554
3455
4031
3068
3493
3393
3410
4084
3607
3586
3291
2861
2803
3406
3165
2767
3271
2851
2779
3295
3168
3293
2923
2817
2615
2744
2765
3000
3246
2933
2648
2778
2310
2604
2865
2628
2733
2658
2675
2572
2727
2716
2145
2678
2640
2515
2565
2609
2521
2477
2362
2630
2853
2539
2402
2517
3072
2882
2772
3031
3223
2602
2744
2945
2823
2850
2874
2713
2408
2836
2834
2691
3113
2688
2458
2146
2354
2026
1999
2031
1844
1567
1515
1804
1304
1365
1172
1073
1095
962
868
532
613
562
567
517
372
381
507
391
297
273
274
186
436
266
315
412
502
528
547
944
935
1213
1402
1632
1597
1650
2478
1716
2193
2776
2458
2111
2478
2542
3030
2615
2653
3015
2726
3376
2400
3111
3277
3412
3481
3540
3484
3561
3603
2899
2949
3304
2788
3598
3735
3412
3251
3494
3036
3315
3672
3335
3578
3836
3270
2966
2950
2878
2214
3162
2688
3077
3445
2695
3146
2947
2836
2746
2501
2586
2697
2119
2393
2452
2046
1994
2058
2267
2193
2137
2307
2388
2339
2172
1968
2580
2311
2214
2352
2390
2199
2114
1981
2421
2225
2225
2220
2558
2516
2335
2647
2753
2841
2646
2685
2593
2668
2742
2464
2631
2703
2713
3075
2534
2424
2451
2356
2184
2185
2082
1658
1802
1721
1582
1623
1230
1072
1057
1003
1179
887
773
599
690
462
404
485
328
367
359
315
280
241
263
223
249
346
637
534
698
760
1299
1402
1550
1647
2116
1967
2174
2324
2661
2395
2424
2613
2568
2704
2942
2940
3246
2858
3235
2828
3011
3444
3334
3557
3246
3776
3031
3691
3561
3594
3297
2968
2849
2729
2919
3144
2988
3352
3499
3433
3344
3478
3582
3041
3475
3224
3167
3274
3248
2828
2598
2778
2529
3088
2521
2508
2530
2717
2575
2299
2677
2277
2333
2578
2299
2565
2056
2409
2035
2590
2119
2366
2377
2570
2797
2306
2781
2527
2958
3119
2713
2614
2996
2262
2516
2635
2673
2896
2298
2321
2792
3419
2856
2679
2832
2573
3494
2922
3529
3156
3017
3245
3351
3545
3132
3512
3569
3338
3440
2995
2974
2864
3364
3520
2910
2459
2420
2348
2220
2259
2242
1836
1742
1225
1350
1059
1254
1203
966
792
809
793
902
604
322
427
299
375
214
292
322
361
255
194
372
385
605
606
513
739
977
1244
1167
1261
1537
1675
1987
2068
2256
2119
2435
2406
2756
2330
2537
1752
3624
3217
3463
3512
3646
3827
3053
2665
3009
3025
2366
2809
2600
2820
2723
2999
2462
2923
3244
3155
2912
3321
2598
2906
2990
2968
2587
3017
2910
2949
3069
3046
3235
3050
3178
3216
3095
2851
2707
3016
3049
3016
2440
2687
2597
2886
2997
3249
2827
3256
2806
2947
2938
2635
2844
3007
3143
2768
2917
2878
3250
3368
3207
3408
3139
3105
3727
3524
3859
4278
3919
3514
3517
3781
3181
3159
3402
2834
3619
3258
3412
3520
3949
3688
3935
3865
3519
4025
3681
3973
3520
3490
3563
3252
3341
2831
2872
2549
2668
2922
2803
2457
2871
2630
2684
2325
1697
1551
1185
1336
1366
1522
1269
1201
951
768
993
918
819
634
747
685
591
344
374
390
340
428
409
313
215
263
358
465
397
468
469
536
736
741
896
875
949
1012
975
1197
1449
1701
1972
1581
1981
1756
2115
1981
2421
2284
2315
2738
2725
2473
2561
2599
1947
2080
2123
2191
2343
2220
1994
2680
2428
2664
2666
2428
2760
2492
2527
2375
2725
2797
3099
2958
3235
2932
2984
2835
3004
2773
2762
2891
2394
2621
2870
2404
2563
2340
3111
2656
2414
2823
3147
2579
2798
3181
2776
3147
2971
2873
2862
3024
3214
3200
3298
3543
3254
3261
3565
3325
3404
3464
3692
3360
3392
3690
3644
3665
3229
3649
3492
3462
4110
3606
3997
4214
4531
4045
4053
3494
3478
3403
2281
3786
4277
2785
3819
4034
3226
3286
3786
3560
3351
3124
2852
2176
912
1992
2592
2163
1817
1518
1790
1578
1820
1181
1322
1138
996
965
767
712
670
632
556
561
412
411
451
478
375
469
317
364
482
430
448
695
761
825
922
1155
1178
1370
1751
1599
1874
1782
1974
2096
2530
2448
2653
3192
2924
2803
2948
2991
3572
3509
3503
3605
3183
3734
3586
4522
4384
4421
4934
4705
4377
4267
4688
5017
5082
4955
4563
4225
4424
4384
4272
4821
5075
4946
5127
4933
4196
5192
5037
4857
5029
4122
4486
5063
4512
4077
4604
3925
4686
4113
3748
4626
2998
2549
3793
4793
4016
3798
4263
3601
3969
3554
3759
3613
3719
3876
3881
4163
3869
4584
3775
3383
3815
3952
4346
4101
3870
3938
3781
3687
3939
3596
3564
4211
3919
3481
3569
3208
3832
3762
3887
3857
4078
3841
3677
3848
3967
3990
3841
3865
3970
4258
4162
3991
3890
4039
3922
3485
3645
3648
3728
3427
3513
3284
2426
1822
1706
1612
961
1244
1180
1383
987
1158
901
974
588
651
519
529
415
377
356
272
304
330
369
327
328
374
414
389
439
527
488
855
750
865
918
818
1056
1296
1240
1199
1390
1419
1096
1813
1452
1543
1469
1863
2409
2379
2360
2901
2574
3026
2577
2712
2571
3097
3218
2599
2968
2990
3322
3409
3259
2986
3096
3145
3128
3217
3095
3416
3292
3100
3210
2948
3413
2883
2817
2817
3018
2554
2633
2709
2942
2472
2358
2678
2802
3035
2811
2660
2690
2938
2680
2943
2884
2869
2709
2896
2989
3249
3059
3057
3103
3143
3182
3208
3192
3718
3318
4049
3674
3236
3425
3539
3374
4276
3500
3622
3173
3639
3651
3439
3698
3379
3255
3322
3422
3739
3663
3522
3469
3665
4354
3922
3602
3829
3817
4127
3945
3513
3644
3403
3221
3141
3553
2857
2642
2878
2553
2372
2231
2372
1931
1956
1875
1403
1391
1385
1218
1297
937
1025
868
883
784
767
639
458
516
347
402
222
262
326
348
376
371
426
642
769
798
1233
1442
1358
1901
1886
1875
2769
2401
2244
1944
2447
3098
3234
3012
2627
3165
3154
3711
3721
3555
3957
3330
3896
3769
3954
4102
3807
4046
4051
4624
3366
3558
4134
3767
3861
3700
4287
3429
3826
4193
3869
3399
4760
4047
4053
4703
3978
4296
4551
4296
4198
3604
3711
3213
3450
3896
3701
3837
3731
2901
2827
2796
2920
2485
2810
2266
2322
2352
2635
2330
2137
2116
2656
2536
2446
2667
2590
2410
2610
2624
2446
2836
2380
2445
2698
2874
2809
3147
3638
4303
3806
3688
3869
3858
3743
3764
4054
3549
3642
3951
4149
4359
4514
4190
4517
4042
3812
3895
3720
3684
3729
3041
3249
3058
2715
2881
2550
2757
2402
2070
2519
2504
1788
1744
1938
1626
1370
775
1048
867
899
975
786
757
825
583
602
326
322
340
300
275
284
392
409
480
702
946
1059
1123
1563
1631
1812
1614
1808
2093
2300
2682
2718
2911
2755
2804
3031
2863
3464
3209
2985
3219
2907
3311
3349
3464
3914
3104
3741
3448
3341
3402
3611
3166
3130
3726
3138
2980
3245
3571
3123
3221
3094
3161
3679
3479
3630
3410
3167
3255
3440
3243
3304
3611
2934
3418
3052
3233
2955
3542
2497
3003
3075
3005
3020
3277
3206
2809
2914
2861
3040
2622
2537
3430
2597
2981
2653
2753
2977
2808
3162
3063
3059
3225
2788
2837
3038
2814
2668
2653
3011
3237
2768
3105
2599
3238
2911
3118
2699
2743
2422
2814
2589
2520
2532
2450
2633
2828
2858
2766
2522
2864
3724
2914
2751
2607
2400
2334
2221
2557
2403
2204
2463
2435
1672
1443
1607
1365
1338
1366
1076
1018
986
890
789
617
656
702
521
529
551
468
446
357
256
533
320
357
428
530
677
708
738
802
965
1037
1429
1605
1527
2049
1850
1846
2299
2571
2646
2516
2972
2719
3102
3006
2886
3220
4271
3147
3235
3256
3629
4314
3954
3876
3978
4046
4642
4395
3800
4475
3517
3188
2372
2849
2364
3263
3223
3375
3171
2679
3172
3009
3502
3102
3390
3103
3565
3277
2902
2446
3432
3453
3246
3366
3705
3689
4849
4336
3937
3510
3756
4431
4180
4142
3834
3352
3688
2023
2489
2610
2718
2986
3069
3074
2833
2940
2877
3043
2632
2779
2595
3121
3217
2576
3262
3111
2991
3265
3087
3192
3136
2894
2900
3209
3682
3219
2540
3325
3060
3414
3306
2989
2664
2877
3235
2979
3062
2813
2515
2680
2764
3066
2569
2848
3181
3066
2385
2942
2659
2621
2339
2232
2537
2264
1862
1644
1675
1679
1398
1144
847
796
964
754
743
700
576
508
472
481
491
487
435
540
537
416
559
416
551
354
466
511
776
989
1074
1434
1448
1061
1394
1486
1664
2057
2125
2183
2232
2547
2269
2435
2442
2633
3047
2794
3272
3586
3107
3291
3340
3234
3468
3154
3455
3629
2917
3318
3052
2968
2965
3210
2979
3299
3515
3165
3011
2921
2627
3072
3377
3139
3048
3458
3122
3182
2536
2227
2600
2410
2151
2532
2554
2064
2041
1716
2002
1790
1757
2188
2449
2317
2232
2131
2284
2386
2747
2425
2396
2354
2390
2153
2620
2588
2484
2670
2518
2213
2524
2602
2549
2653
2177
2335
2328
2209
1637
2361
2495
2461
2214
2818
2543
2778
2815
2506
2375
3066
2969
3178
2800
3396
2734
3055
2748
3281
3041
2934
2713
2867
2911
2860
2511
2616
2724
2566
2112
2075
2345
2004
1804
1540
1458
1240
1140
1154
1058
887
830
857
647
604
538
527
467
547
414
409
388
430
351
424
464
435
565
691
589
645
588
703
890
886
907
998
864
1246
1183
1490
1298
1444
1463
1615
1769
1725
1727
2001
1675
2142
2402
2171
2300
2687
2390
2492
3168
2742
2587
2177
3040
3037
2833
3086
2721
2644
2956
2998
2522
2744
2583
2307
2669
2824
2795
2641
2833
2571
2694
2737
2410
2712
2787
2751
2767
2835
2759
2792
2171
2079
2325
2303
2260
2560
2226
2433
2373
2536
2823
2338
2192
2372
2984
2780
2785
2666
2830
2723
3226
2913
3309
3118
3001
3539
3611
3095
2939
2924
2994
2857
3133
2753
3581
3294
3573
3334
3722
3635
3756
2986
3112
3459
3297
3417
3631
3089
3004
3549
3541
3023
2612
3019
2862
2655
2987
2475
2789
2551
2331
2057
1885
1863
1686
1453
1566
1309
810
323
783
650
469
395
432
345
302
600
395
271
356
347
211
436
290
336
433
454
687
563
728
1235
1361
1720
1657
2080
3282
2350
2244
2488
2675
2978
2691
2744
2721
3045
2834
3526
3159
3423
3936
3977
2984
3292
3480
3694
3243
3216
3528
3820
3636
3837
3981
3479
3318
3547
3282
4055
3843
3502
5551
5808
5981
5174
5391
4814
4883
4320
4138
4499
4707
4683
4373
3729
3918
3762
3460
3841
3865
3576
3932
3744
3242
3557
3339
3327
3232
3665
3333
3194
2682
3035
2961
2935
2729
2922
2854
1813
2570
3072
3676
3552
3354
3414
3593
3044
3117
3070
3337
3252
5944
4354
3735
3520
3236
3322
3613
3249
3603
3188
3382
3451
3777
3776
3659
3513
3990
3636
3655
3619
3550
3282
3376
3109
3158
3045
2938
2943
2388
2247
2214
1909
1747
1955
1839
1767
1339
1046
598
306
191
337
517
527
562
245
433
294
405
341
445
313
282
356
348
353
512
631
624
878
569
970
8024
1955
1679
1930
2326
2523
2844
2461
2379
2666
2728
2674
2975
3315
2940
3021
2994
3188
3511
3302
2890
3864
3083
3318
3220
3585
3104
3588
3695
3475
3116
3464
2972
3470
3521
3478
3344
3655
2559
3318
3482
3652
3818
3212
2643
3324
3298
2807
2823
3126
2699
3695
3277
3492
3244
2993
3216
3184
3085
2645
3144
3061
3022
2830
3169
2844
2918
2833
2287
2399
2882
2699
2782
2973
2941
2942
2785
2680
2635
2996
2383
3038
2823
2934
2791
2843
2972
2685
2900
2806
2961
3229
2992
3206
4235
3689
3579
3860
3497
3630
3805
3964
3707
3762
4046
3999
3773
3804
3828
3526
3558
3450
2971
3767
3310
2901
2923
3043
2962
2427
2215
2118
1948
1881
2024
1411
1080
689
497
605
446
467
282
418
558
354
361
441
474
424
382
246
301
444
381
462
489
2355
730
693
967
1432
1513
1788
1767
2027
1826
1892
2434
2278
2752
2738
2986
3161
2654
3237
2372
2337
2571
2320
1969
1623
1925
1787
1861
1464
886
908
311
290
207
305
1103
1370
1919
2078
2301
2666
2670
2428
2200
2543
2571
2334
2187
2758
3039
2542
2463
2855
3169
2576
2490
2460
2525
3041
2899
2493
2306
2603
2361
2619
3229
2798
2687
2636
2484
2393
2380
2053
2496
2176
2324
2450
2291
2108
1702
1886
1489
1172
1206
829
578
613
502
523
548
702
1591
1801
2726
395
425
347
402
323
418
514
949
743
633
2399
1058
1331
1607
1910
1806
2006
2482
2248
2702
2978
3083
3170
2782
3075
3033
2783
3185
3773
3149
3334
3142
3046
2975
3168
3566
3539
3379
3084
3624
3015
3108
3813
3610
2648
3098
3534
3072
3418
3479
3573
3085
3671
3516
3505
3822
3796
3688
3056
3211
3165
3276
3426
2993
1883
3019
2641
2940
2706
2649
2541
2274
2722
2503
2115
2376
2081
2275
2509
2545
1898
2580
2089
2456
2970
2398
2492
2696
2422
2224
2482
2193
2441
2053
2115
2329
2148
2116
1966
2718
2253
2102
2402
2574
2010
2331
2207
2532
2138
2165
2559
2106
2375
2289
2156
2764
2242
2055
2118
2474
1954
1948
1960
2313
1745
1519
1475
1245
1264
1202
764
685
546
574
427
647
510
489
428
260
244
406
350
332
294
450
410
550
1700
1037
970
940
1358
1403
1648
2205
2489
2071
2387
2486
1998
1925
2065
2393
2178
2159
2577
2518
2567
2725
2922
2923
2483
2916
3136
2677
2617
2543
2668
2845
2465
2873
2450
1740
2636
2685
2689
2548
2621
2281
2043
1828
1501
1997
2185
2478
2534
2119
2713
2061
2084
2246
2153
2012
1982
2073
2674
2368
2439
2560
2195
1983
2577
2387
2169
2126
1972
2194
1440
2215
1693
1862
1866
1801
1904
2173
2075
2093
2183
2553
4243
2133
2114
2387
2297
2164
2311
2204
2274
2046
2250
2602
2516
1193
1527
1447
1360
1068
1411
1246
1107
1137
931
1429
1212
1237
1013
972
902
712
780
711
626
482
598
613
298
275
270
139
187
289
326
133
121
222
136
134
311
112
249
270
574
487
619
546
609
724
867
1013
1404
1107
1422
1769
1463
1449
1526
1746
1568
1279
1580
1552
1700
1367
1871
1980
1775
1793
1686
1885
1849
2302
2236
2212
2370
2075
1910
2315
1950
2006
2021
1875
1871
1957
2341
2304
2057
2333
2204
1916
2093
2024
1809
1861
1908
2088
2490
1833
2136
1700
1616
1609
2004
1560
2154
2120
2134
1911
1716
1743
2366
2579
2369
2270
2633
2414
2172
2252
2350
2136
1945
2045
1994
2846
2591
2385
2226
2837
2134
2098
2336
2575
2560
1908
1925
2370
2259
1858
2236
2208
1670
1815
1591
1923
1541
1675
1560
1575
1312
1022
1137
1140
885
837
753
843
656
538
556
432
251
376
363
226
250
566
341
365
445
666
474
641
608
855
1109
1534
1507
1944
2140
3536
2030
2012
2320
2594
2423
2425
2289
2685
3218
2702
2807
3209
2795
2080
3404
3763
3505
3736
3516
3483
3597
3835
3375
3146
3297
3236
3261
2996
3307
3167
3219
3280
3296
3722
3594
4086
4916
2971
3724
3300
3283
3138
2721
3766
3339
3247
3132
4544
2648
2963
2561
2512
2660
2404
2376
2364
2509
2406
1982
1968
2199
2150
2250
2276
2189
1956
2068
2338
2310
2664
2738
2286
2250
2301
2377
2337
2242
2626
2153
2541
2696
2537
2385
2405
2926
3461
2964
2713
2603
2657
3132
2639
2942
2752
2220
2085
2282
2322
1967
2155
2136
2001
1802
1819
1312
1536
1256
1364
1351
1293
1076
913
959
718
671
613
480
531
354
448
419
223
219
322
385
249
426
374
320
473
604
822
898
3465
1027
1505
1555
1509
1778
1647
2296
2294
2430
2288
2772
2635
2461
2683
2954
3030
3379
2866
2880
3372
3233
2905
3400
3728
3558
3173
3155
3575
3163
3171
3414
3205
2878
3143
3112
3110
3325
3288
3501
3296
3524
3424
3264
3570
3097
3034
3657
3385
2789
2710
3083
2859
3017
3148
3146
3045
3221
2822
3109
2948
2763
2526
2989
2260
2510
2578
2225
2382
1906
2107
1937
2094
2287
2120
1963
2338
2205
2232
2664
2772
2275
2319
2238
2043
2135
2314
2517
2720
2319
2404
2579
2509
2499
2355
2613
2451
2561
2690
3229
2942
3029
2921
2675
2563
2478
2301
1930
1723
2069
1552
1527
1321
1331
1212
1020
1116
1076
981
844
760
645
353
399
352
581
392
358
314
263
242
349
301
288
355
498
322
486
584
565
904
821
1736
1551
2958
1707
1742
2384
2077
2171
2375
2380
2227
2670
3039
2476
4611
2650
3091
2805
3213
2954
3301
3436
3299
3266
3528
4044
3992
3477
2974
2823
3214
2819
2596
2947
2770
3412
3058
3352
3326
3517
3555
3421
3670
3402
3778
3611
3663
3352
3015
2540
3287
3691
3321
2958
3015
2921
2779
2913
2397
2738
2714
2685
2815
2373
2438
2648
2739
2814
2394
2740
2495
2369
2463
2716
2696
2694
2610
2623
2553
2632
2445
2754
2751
2545
2577
2737
2448
2424
2858
2390
2630
3075
2033
2763
3145
2963
2733
2821
2869
2457
2763
2818
2929
2152
2287
2030
1939
2009
1953
1680
1421
1527
1275
1564
1150
1101
735
1018
830
652
498
648
558
354
460
488
278
384
396
394
303
420
303
379
577
662
640
726
1013
2862
1366
1764
2006
1882
1973
2357
3013
2624
2992
3021
2715
3348
3463
3363
3029
2816
2845
3566
3036
3677
2704
3621
3350
3104
3630
3444
3451
3670
3403
3654
3371
3248
3298
3727
3244
3074
3148
3368
3308
3319
3289
3176
2489
3182
3182
2810
2820
3161
2620
3020
2497
2841
3053
3184
2740
2804
2683
2859
2705
2788
2516
2766
2907
2460
2471
2507
2655
2604
2236
2468
2463
2327
2627
2322
2639
2446
2227
3079
2937
2549
2461
2960
2574
2433
1885
2445
3149
2504
2541
2508
2924
2780
2952
2733
2785
2800
2982
2710
2485
2650
2440
2240
2473
2391
1900
2028
2056
1824
1602
1696
1406
1255
1311
1078
1228
921
1105
974
922
683
534
525
476
545
546
460
402
441
374
356
380
334
453
465
512
523
416
707
911
1324
1220
1589
1704
1667
2094
1970
2686
2212
2320
2185
2429
2358
3347
3261
2939
2814
2888
2949
3240
3355
3068
3305
2921
3344
3204
3266
3111
3515
2951
2943
3279
3528
3167
3242
3093
3416
3017
3585
3439
3349
3467
3628
3573
3837
3360
3235
3332
3624
3204
3312
3164
3491
2736
2844
3117
2602
3114
2597
2778
2973
3240
2665
2728
2679
2554
2602
3062
1940
2205
2149
2608
2256
1967
2701
2641
2838
2640
2281
2473
2273
2691
2276
2380
2180
2130
2068
2120
2073
2128
2406
2177
2228
2283
2183
2343
2567
2603
2539
2670
2438
2639
2426
2197
2249
2168
2651
2119
2014
1789
1718
1884
1698
1382
1362
1135
1062
946
904
853
702
709
566
570
439
436
427
489
488
287
203
313
417
232
497
698
716
598
858
752
1349
1306
1748
1386
1717
1748
2027
2224
2054
2296
2329
2351
2629
2706
2446
2214
2582
2518
2651
2501
2955
3069
3037
3044
3280
2687
2546
2857
3041
2329
2969
2546
2628
2483
2935
2532
2437
2214
2649
2080
1866
2167
2183
2321
1859
1915
1984
2013
2016
1609
1654
1986
1929
1675
2065
1842
2010
1912
1724
1610
1683
1581
1819
2058
1945
1814
1458
1837
1948
1975
1956
2133
2159
1950
2162
2047
2178
2083
2041
1913
2365
1926
2447
1993
2128
2496
2355
2246
2105
2331
2298
1884
1937
1900
2234
2097
2186
2305
2033
1841
1755
1692
1681
1641
1797
1674
1538
1301
924
1215
1027
960
994
898
679
627
430
639
465
443
434
357
490
392
512
392
334
315
399
714
542
410
602
607
627
813
937
781
985
835
977
1181
1216
1467
1449
1417
1636
1627
1473
1757
1943
1880
1658
1563
1981
1736
2087
2012
1861
1662
1855
2021
2137
2055
2062
2300
2116
2034
1611
2364
1958
2064
1716
1897
1691
1760
1858
2071
2286
1845
2267
1854
1574
1873
1625
2157
1957
1825
1744
1828
2003
2090
2117
2039
1875
2022
2097
1984
2017
2325
2017
2575
1959
2046
2258
2273
2416
2300
2437
2446
2203
2384
2245
2750
2537
2688
2236
2689
2403
2821
2448
2430
2444
2284
2594
2679
2591
2145
2595
2266
1825
2006
2175
2071
2275
1948
1998
1708
1610
1740
1076
969
1110
885
690
573
591
492
379
473
314
474
542
412
363
309
307
340
354
392
363
482
632
724
1052
1194
1308
1556
1950
1949
2707
2455
2831
2821
2444
3392
4298
3576
3454
7730
8024
4729
5513
7020
4802
8316
6212
8015
6392
3436
3361
4200
3984
4218
3976
3934
3859
3978
3282
3413
2964
3350
4091
4189
3371
3856
3543
3329
3695
2699
3324
3504
3737
3150
3614
3327
3302
2984
3315
3031
3453
2907
2912
2605
2958
2680
2842
2673
2752
2584
2640
2430
2103
2438
2647
2714
2500
2740
2249
2186
2422
2414
2530
2554
2553
2580
2181
2128
2433
2526
1993
2501
2556
2545
2655
2239
2449
2220
2907
2388
2573
2527
2866
3008
2702
2705
2358
2298
2492
2271
2430
1898
2223
2020
1959
1650
1462
1091
987
1180
1033
741
809
551
583
573
582
465
512
407
466
446
440
452
381
273
299
347
267
409
403
664
627
685
1078
1123
3221
1048
2104
1876
2431
2352
2665
2607
2663
2430
3125
3086
2784
3113
4936
3249
2930
3447
3297
3453
4137
3073
3613
3833
3544
3415
3580
3564
4124
3767
3157
3033
3202
3493
3464
3490
3174
3208
3762
3750
3568
3624
2981
3438
3121
3755
3182
2936
2937
3139
3145
3077
3586
3348
3152
3012
2445
3162
2753
2735
2702
2840
2344
2227
2358
2908
2379
2235
2470
2227
1908
2183
2014
2044
2138
2258
2391
2458
2389
2342
1934
2526
2362
2425
2608
2046
2008
2533
2412
2497
2671
2638
2834
2751
2792
2809
3033
3074
3053
2783
2278
2771
2515
2274
2319
2211
2281
1894
2121
1640
1765
1727
1326
1108
1205
919
776
816
690
573
487
617
537
534
516
406
267
429
345
261
232
235
356
410
306
592
357
443
708
703
1975
1791
1427
1667
1635
1869
2336
2802
2324
2372
2912
3163
2721
2950
2788
3039
2765
2842
2505
3450
3302
2860
3449
3533
3413
3220
3162
5773
3448
3726
3616
3438
3148
2926
3472
3333
3141
4932
3136
3640
3622
3431
3386
3100
3239
2702
2326
2515
3176
3105
3034
2873
2764
2783
3066
2446
2556
2698
2625
2137
2245
2360
2005
2421
2381
2106
2141
2270
1875
2195
1967
1509
1841
1690
1979
2541
2453
2121
2086
1821
1740
2097
1774
2478
2309
2445
2320
2194
2418
2239
2472
2519
2428
2274
2449
2044
2185
2401
1763
1910
1748
1768
1650
