55
146
76
124
12
23
14
91
251
249
172
327
284
30
170
377
295
225
360
267
368
292
285
341
255
237
385
306
203
329
265
307
326
336
385
401
381
406
446
411
278
267
338
329
326
368
409
470
322
315
340
445
428
440
342
378
465
401
486
431
521
435
362
312
405
302
385
346
270
463
400
317
298
229
371
258
284
349
310
257
235
217
265
227
308
238
313
393
253
350
307
275
265
186
222
174
200
315
254
347
288
135
171
204
160
167
235
205
170
143
129
4
255
127
56
150
111
158
150
147
159
66
140
101
91
142
84
133
117
84
100
65
75
121
102
118
82
91
127
133
71
54
53
52
58
78
99
67
75
89
63
64
78
61
59
54
24
117
83
76
38
96
51
27
67
59
57
84
90
36
87
130
72
46
80
63
53
46
48
53
83
86
77
56
30
123
35
69
163
34
38
32
38
66
31
41
74
43
49
100
46
56
52
26
116
46
33
114
66
136
77
69
55
103
133
118
155
98
57
145
129
124
72
166
163
41
33
52
142
126
207
192
159
124
185
239
256
127
401
346
228
347
282
149
185
347
388
232
386
388
261
399
483
385
368
251
287
241
302
425
590
479
295
529
419
323
338
318
387
472
343
439
370
268
454
441
560
438
330
432
427
470
512
488
649
393
407
394
503
516
429
575
413
601
402
485
519
473
457
402
479
486
399
370
364
529
467
546
723
451
665
635
534
637
519
567
569
478
501
544
602
687
536
691
555
396
472
626
424
677
483
456
576
532
620
829
653
486
525
534
585
542
560
797
605
425
710
556
595
561
763
460
449
683
806
726
721
561
564
552
604
592
621
541
768
727
659
502
554
616
485
511
751
511
816
672
515
643
614
686
481
603
734
636
811
609
639
518
497
530
559
513
455
505
451
619
638
470
523
618
672
581
617
527
522
511
650
485
482
442
570
582
547
659
474
684
513
621
546
606
625
424
462
602
462
418
533
711
644
662
753
506
683
715
595
438
351
512
505
526
471
596
473
477
720
458
579
764
456
650
474
20
9
366
12
1014
764
797
595
589
565
710
693
690
479
514
621
333
431
600
424
532
660
428
609
758
709
528
613
515
615
441
371
572
597
456
536
569
455
674
477
541
493
612
471
335
546
599
600
538
476
625
569
549
498
632
456
721
604
698
638
575
648
581
529
479
711
669
390
414
563
608
595
663
457
448
387
505
422
414
436
472
431
437
601
607
509
472
480
520
552
531
480
486
396
10
227
527
507
309
382
541
662
338
386
421
447
449
355
15
11
6
161
12
19
222
177
183
208
186
523
644
412
18
388
428
566
347
456
383
305
395
457
441
638
614
379
384
327
454
420
386
333
30
211
632
495
499
532
568
472
461
510
417
474
519
535
420
519
587
495
488
544
440
499
617
430
575
650
353
455
411
470
546
477
499
540
531
629
501
415
486
417
505
385
660
567
336
476
14
94
474
530
653
526
491
686
638
550
544
564
484
457
621
588
577
461
493
545
592
429
556
560
659
655
643
773
554
686
656
584
585
490
588
525
640
601
517
499
468
321
657
468
365
534
611
544
589
439
653
122
37
398
533
523
532
669
656
784
673
588
522
439
540
548
539
569
405
493
575
674
500
459
525
533
676
597
756
573
573
654
483
564
657
446
565
469
531
490
448
587
637
509
485
542
117
86
504
568
517
621
513
465
549
381
381
440
506
410
462
446
534
652
537
441
642
492
464
520
453
426
469
329
458
351
464
502
346
456
494
479
463
424
382
634
388
381
506
446
469
519
366
531
362
537
542
626
441
397
428
370
474
433
517
425
463
519
540
479
617
464
410
461
560
426
494
464
384
412
479
479
466
503
585
426
380
411
402
558
466
409
444
529
429
434
353
337
311
368
345
326
363
346
340
415
348
436
452
374
456
291
389
377
283
243
253
303
212
444
337
295
331
360
282
382
284
310
341
246
218
286
333
229
243
307
267
274
211
243
235
260
156
287
270
222
178
213
176
141
145
206
276
164
167
163
213
232
199
269
154
147
160
120
162
228
190
151
156
150
104
173
132
260
106
139
116
99
135
216
126
136
79
113
123
79
100
124
136
59
84
66
120
80
122
102
70
89
124
78
77
56
102
97
135
101
75
66
41
103
35
157
86
50
40
68
23
54
81
25
64
48
63
115
96
84
108
138
71
73
78
41
31
33
73
111
48
121
83
50
67
82
72
65
74
92
80
42
74
28
70
61
52
49
53
26
41
69
107
79
60
112
85
119
60
89
59
132
111
91
82
159
80
73
130
104
107
116
102
90
203
123
121
154
88
165
180
138
175
151
183
142
190
197
218
275
185
246
172
256
164
249
275
310
222
304
206
279
229
226
340
286
274
368
313
325
313
326
428
366
273
340
475
341
391
315
448
405
300
259
631
409
438
351
487
442
383
489
348
350
341
521
494
426
534
155
15
17
719
684
662
403
550
395
517
344
610
671
536
397
744
463
431
527
611
641
465
637
412
557
594
334
486
681
440
722
497
544
527
656
469
544
541
526
569
645
688
543
530
602
553
585
579
746
402
463
549
630
611
664
461
525
619
761
471
539
683
554
607
640
580
616
701
586
730
544
469
585
453
483
725
606
664
618
531
631
606
695
858
784
544
590
716
499
532
540
782
634
677
724
634
703
499
687
687
512
489
589
567
716
551
573
849
541
636
552
471
648
691
730
753
609
674
622
493
740
719
619
648
581
517
588
817
557
703
703
509
575
732
580
625
622
569
427
467
552
601
539
505
600
535
668
801
708
753
652
429
573
494
1072
693
392
89
9
7
22
13
20
8
7
102
874
630
588
718
688
532
853
684
645
664
623
843
576
648
511
602
664
488
497
740
419
648
857
760
745
587
573
432
469
630
454
564
575
600
492
549
636
427
604
490
635
543
543
435
622
585
377
591
483
655
466
449
611
519
603
565
640
521
404
507
496
699
469
579
479
482
603
549
577
481
640
665
611
529
578
582
672
538
378
494
592
518
529
556
635
303
562
537
266
544
508
445
399
590
572
527
635
526
440
383
515
478
490
541
609
422
504
452
572
439
610
484
652
410
405
517
361
498
466
278
539
586
458
412
482
472
526
427
315
525
358
377
509
623
546
457
420
349
539
358
613
511
577
429
554
435
416
451
357
444
369
611
592
457
629
514
440
445
510
515
400
391
370
507
647
365
377
406
407
489
433
462
560
573
502
671
338
511
383
400
495
515
526
556
711
485
506
474
304
483
440
397
420
543
543
463
509
435
487
681
657
443
481
491
453
508
524
511
510
435
464
389
389
553
564
614
547
444
308
597
538
480
406
480
476
323
518
385
427
397
415
492
585
372
486
510
492
565
530
444
324
483
501
275
510
594
505
569
333
375
476
420
513
353
475
529
459
413
423
518
506
476
496
595
583
461
581
433
668
454
438
571
554
570
587
453
466
574
512
350
455
624
489
499
515
518
610
491
543
529
400
642
642
511
480
585
535
461
446
521
479
530
442
405
476
655
714
430
578
452
655
416
462
370
423
417
398
491
467
384
586
456
542
431
392
470
517
130
17
348
639
468
503
463
507
686
509
688
498
550
701
468
443
471
522
527
493
549
464
572
540
325
457
451
554
632
453
455
443
453
386
439
411
555
416
423
463
251
318
351
680
606
464
409
415
499
501
496
404
601
467
368
460
342
492
344
352
393
347
326
277
380
324
415
284
412
370
272
371
253
364
377
485
266
274
280
428
211
432
339
309
332
217
320
247
272
212
229
232
240
273
249
255
232
201
256
295
185
252
192
195
182
278
274
198
201
196
153
163
218
259
182
170
175
112
203
155
202
236
157
166
74
170
91
127
127
129
213
121
167
84
105
107
146
158
125
94
149
126
72
126
145
91
95
82
154
124
118
109
79
50
99
112
41
24
21
21
16
16
20
48
137
101
89
20
17
102
77
51
58
83
60
68
26
40
43
26
40
45
164
97
60
83
76
47
29
87
40
40
84
75
47
74
121
37
41
28
45
57
75
55
98
41
50
61
64
107
101
139
84
147
72
72
30
75
60
124
72
75
56
108
132
97
157
82
119
118
65
187
149
148
207
203
128
159
164
169
228
106
336
111
186
223
168
247
208
298
260
295
247
271
260
232
143
217
320
229
332
420
266
230
343
181
334
352
278
319
223
301
226
219
300
262
301
203
279
308
393
341
263
382
490
395
445
122
308
258
490
371
287
458
386
463
364
306
397
295
479
415
352
403
414
491
452
289
493
502
491
458
386
431
458
351
465
381
565
423
415
449
476
516
452
443
589
523
359
438
497
534
575
483
525
373
617
418
669
460
543
631
442
509
534
595
537
576
533
652
473
601
431
490
474
599
618
494
599
497
602
693
429
448
523
595
475
594
506
642
650
489
526
778
625
615
613
451
444
622
466
446
600
449
406
640
687
789
639
565
499
589
585
472
634
591
265
298
451
108
367
486
164
291
422
757
597
578
739
463
616
607
524
619
505
560
459
603
455
479
476
517
598
456
600
511
628
413
606
500
546
480
388
614
489
469
474
535
419
454
508
471
513
483
427
374
338
441
467
464
441
538
524
403
434
482
499
430
520
489
458
499
479
435
450
491
265
549
383
524
241
303
520
406
335
387
426
393
339
389
568
379
573
406
397
372
527
377
274
381
397
488
489
551
728
499
446
369
485
431
444
408
348
577
376
357
407
386
321
514
614
382
202
468
412
380
443
405
462
458
309
408
343
337
374
421
363
354
448
424
432
314
289
327
336
436
353
366
519
517
525
446
421
469
515
458
540
400
356
414
425
354
356
397
399
422
289
318
314
344
405
269
325
414
319
349
398
464
397
539
386
435
382
339
352
415
469
452
514
447
436
354
423
398
344
406
530
490
457
534
406
448
441
528
434
489
428
345
451
375
489
310
347
404
396
457
396
407
426
408
398
324
455
507
494
453
622
271
392
426
458
438
385
360
481
345
422
390
517
575
529
480
396
484
518
377
481
502
439
540
374
543
596
466
474
394
576
511
371
381
700
644
425
556
379
417
342
486
368
590
425
527
405
473
502
549
549
451
531
519
443
458
352
442
431
415
407
443
417
481
458
378
516
537
489
366
595
367
585
370
425
569
427
371
525
403
462
369
496
460
591
598
483
502
482
493
479
490
445
529
473
491
509
396
525
355
286
408
449
485
516
431
458
367
446
492
503
416
467
489
403
414
504
393
502
484
475
538
427
554
446
404
447
441
489
412
516
423
475
443
444
454
427
526
395
483
648
652
570
525
571
380
571
568
602
461
549
504
545
516
404
372
568
335
542
303
488
575
690
658
507
583
426
468
474
609
517
383
407
445
388
501
462
552
525
506
459
244
283
448
573
421
465
326
498
402
411
427
436
342
328
436
381
336
412
279
459
448
355
341
318
367
432
476
514
369
477
314
338
414
542
435
408
370
497
393
447
379
342
394
443
513
358
165
422
394
293
451
453
432
358
407
505
430
490
423
119
333
352
281
525
555
285
429
304
310
317
470
434
269
330
326
329
249
373
175
232
249
230
247
240
256
289
45
349
199
213
291
225
140
189
228
226
320
249
162
262
122
212
126
174
266
187
223
197
168
280
187
246
200
156
146
289
143
225
147
181
227
159
201
174
118
148
116
123
203
114
166
83
253
147
196
170
84
147
123
144
139
80
69
56
127
51
123
49
81
58
118
99
69
114
60
85
71
81
43
51
68
100
121
43
61
56
110
42
55
98
89
105
66
44
75
137
58
65
100
83
84
79
57
54
53
47
56
40
71
34
104
79
49
103
25
94
46
85
51
101
66
114
90
45
63
38
39
48
69
51
71
77
73
59
66
60
48
69
80
75
128
76
173
107
150
156
208
137
54
54
40
52
157
128
147
151
140
133
99
171
187
219
237
193
124
118
199
186
212
115
83
134
188
221
194
142
182
182
218
99
169
245
150
150
142
114
145
216
295
156
230
269
192
169
249
198
218
326
258
166
195
263
221
197
276
213
261
341
244
245
198
176
215
148
237
216
234
250
247
228
197
267
309
291
319
223
400
402
412
315
360
383
304
265
374
319
288
335
479
420
288
220
446
235
306
295
278
386
497
348
440
414
370
504
422
373
419
288
428
374
417
320
152
288
98
560
495
562
371
409
407
366
577
320
417
407
410
524
319
363
395
253
386
410
454
476
447
510
457
390
400
480
432
444
462
440
414
247
515
445
332
400
446
236
505
501
419
377
420
362
361
325
350
444
453
330
312
333
300
410
403
331
336
411
317
396
500
504
415
401
276
373
370
463
421
357
485
523
388
406
416
388
352
434
530
532
462
382
349
376
428
496
548
377
302
332
345
366
410
313
356
397
497
449
475
432
440
444
470
463
533
297
353
347
462
314
544
418
412
384
479
216
390
554
404
363
543
316
446
450
468
373
441
418
428
430
458
477
383
464
410
466
526
325
403
414
356
374
309
514
380
491
489
443
407
355
333
478
531
457
522
245
334
456
424
388
435
310
357
430
379
366
268
468
423
270
459
325
358
340
376
344
305
279
300
390
396
333
251
288
341
379
394
368
262
304
293
372
381
411
503
389
537
495
372
433
440
437
342
326
303
312
349
393
399
500
328
284
463
456
300
298
390
411
318
331
329
354
484
348
421
339
415
409
526
347
407
287
303
371
396
275
324
410
436
359
421
440
412
328
263
432
499
397
349
528
437
330
435
385
360
394
301
453
340
488
448
427
395
541
391
450
461
497
439
390
489
337
391
395
497
495
397
387
508
497
348
335
380
351
471
415
323
465
462
586
537
588
446
435
445
521
482
447
543
512
528
560
494
497
469
539
417
568
469
480
622
575
676
418
600
517
553
531
495
416
535
532
613
412
465
502
441
511
550
537
594
561
580
467
415
593
611
505
459
431
389
502
431
525
422
553
579
526
441
641
443
433
572
584
522
591
561
410
469
631
520
528
429
553
488
420
474
577
578
598
669
826
462
396
439
552
504
553
587
478
608
587
532
537
479
542
539
496
517
507
445
637
441
655
399
666
570
543
551
529
530
519
528
426
517
428
510
384
492
518
522
417
583
592
511
578
731
860
656
774
465
481
465
569
508
541
663
546
736
514
428
542
584
647
412
512
396
397
554
631
477
399
522
462
542
523
436
452
425
359
420
596
402
511
362
421
419
500
365
518
398
393
388
372
361
347
381
232
493
451
393
535
417
485
481
427
346
306
415
451
245
375
458
289
438
300
321
420
321
241
298
413
416
337
318
324
302
210
297
340
289
343
224
268
235
359
326
262
327
250
254
224
354
218
248
170
366
267
232
142
230
322
215
181
180
332
224
255
248
208
145
179
219
205
257
200
202
202
146
161
171
253
179
150
130
227
104
136
126
172
122
183
138
160
136
134
153
78
151
146
134
137
161
95
148
77
88
95
50
82
73
84
71
49
78
110
54
86
51
71
35
34
132
71
84
79
42
87
114
51
103
52
32
62
29
145
57
54
36
34
46
49
45
59
51
139
26
17
69
23
50
37
27
71
97
44
69
37
76
27
52
27
48
54
88
92
98
71
33
73
87
29
105
105
132
63
51
48
127
96
67
120
79
57
51
100
31
67
152
184
101
108
176
182
143
107
110
107
156
84
100
188
155
198
175
212
145
185
252
113
235
276
282
305
378
322
333
252
305
270
354
384
292
273
318
359
376
355
448
409
480
343
333
327
449
266
347
533
239
407
467
507
444
296
447
566
448
590
479
476
491
449
453
437
468
534
761
512
541
664
577
583
623
703
535
579
569
645
468
781
581
730
634
392
579
593
169
841
679
538
733
602
571
632
814
549
670
613
849
703
487
305
852
638
754
551
661
802
804
697
766
590
873
836
796
581
643
549
496
870
786
991
640
868
665
621
707
764
670
745
729
760
705
680
659
577
553
634
712
811
782
605
807
724
595
711
640
695
638
654
736
801
612
811
666
644
871
508
634
556
642
1004
885
680
534
649
942
1025
538
565
572
499
774
582
692
630
621
751
803
620
759
796
940
802
684
538
879
709
782
745
891
793
544
625
690
798
710
767
759
565
779
618
718
676
672
615
596
571
714
907
586
822
596
611
508
666
883
787
705
552
609
713
724
598
811
637
723
692
663
1074
700
796
687
687
498
660
601
774
717
963
627
890
777
768
622
767
708
730
543
692
644
948
671
606
652
508
698
449
655
828
541
655
813
610
549
505
598
576
521
730
659
571
498
557
672
563
511
710
633
498
644
685
614
489
723
654
563
583
519
844
863
509
512
588
711
881
659
624
758
688
663
523
681
766
671
709
512
603
681
576
556
292
344
559
627
511
545
728
992
774
667
718
747
651
681
592
698
747
632
733
629
622
707
964
799
961
699
470
798
512
628
566
701
581
686
808
712
660
612
705
770
789
764
404
631
471
580
522
555
521
742
510
420
502
596
625
476
519
560
554
534
639
466
395
561
485
703
464
554
553
476
608
526
501
609
436
443
452
693
639
683
436
370
561
458
450
446
416
385
491
362
555
540
511
482
388
484
542
531
480
576
556
505
532
529
455
569
435
704
402
564
466
567
632
543
446
587
436
514
437
464
470
442
464
603
446
629
529
573
493
376
319
396
592
447
538
582
680
545
610
451
563
582
527
589
583
393
500
478
441
437
324
470
512
568
594
522
532
610
521
389
515
530
484
465
623
455
508
531
418
662
414
459
471
573
650
511
540
402
383
499
578
615
473
418
401
383
444
452
379
403
577
503
419
538
444
471
515
472
441
446
459
488
445
447
435
322
380
441
342
515
392
623
568
422
370
482
597
610
360
315
302
453
430
459
591
508
344
574
470
527
409
444
572
417
514
476
596
678
628
495
573
719
618
563
558
506
518
441
595
404
462
406
440
551
473
476
440
525
459
452
426
569
652
560
427
545
427
461
513
620
429
464
577
500
527
404
490
532
453
474
358
509
383
434
399
452
459
412
507
527
482
471
452
448
385
560
519
343
526
431
388
591
634
454
569
425
390
489
492
458
511
395
407
474
431
389
275
391
450
279
434
539
370
330
489
437
476
475
382
407
312
381
235
348
365
444
376
366
444
398
311
316
294
315
451
278
291
362
306
215
247
343
285
308
276
307
382
298
286
195
242
201
210
235
209
248
205
245
281
302
113
202
318
245
173
179
144
179
178
150
143
168
241
199
300
228
209
140
113
100
224
152
230
123
109
117
170
111
195
128
177
211
79
102
146
97
101
83
105
93
95
98
54
88
89
96
85
59
84
72
98
100
160
90
72
82
45
46
35
65
89
97
26
62
63
9
40
37
96
47
72
47
41
66
82
43
114
151
52
67
37
64
78
19
48
54
75
97
60
106
20
104
16
60
86
38
63
74
36
20
60
27
31
52
61
38
71
66
61
69
70
86
102
50
49
51
165
94
30
158
135
56
84
64
74
91
95
93
105
104
129
73
132
91
150
108
238
212
332
210
375
155
169
161
166
108
134
267
284
253
203
183
323
408
339
222
411
271
235
211
301
431
168
277
260
340
302
174
347
317
201
322
377
386
433
440
326
380
556
363
444
318
394
395
443
417
424
62
223
470
501
352
607
720
398
393
443
536
459
541
490
545
579
411
349
669
367
573
475
759
523
502
439
684
656
585
757
646
550
572
482
789
530
589
397
632
532
473
496
655
492
544
477
802
556
456
737
632
524
577
807
508
623
639
644
521
388
486
697
542
855
551
627
704
637
540
633
734
825
745
653
654
464
506
815
715
692
589
481
572
707
723
708
421
611
628
626
601
502
578
744
828
471
681
702
707
571
693
821
632
666
581
672
802
609
759
582
552
575
939
678
602
610
538
545
569
596
478
729
613
653
891
607
580
657
623
614
638
424
602
472
496
619
550
469
448
625
535
594
741
520
675
437
543
529
413
542
542
632
639
551
744
577
630
608
551
573
633
515
388
680
561
642
617
618
664
482
555
932
792
753
716
571
618
669
658
598
628
690
791
626
770
574
766
615
803
472
715
483
695
551
652
762
616
621
706
821
568
592
559
831
620
625
755
606
611
627
515
446
723
697
653
568
627
725
687
691
488
549
647
748
632
656
651
489
599
620
632
594
774
705
668
651
786
630
736
584
577
691
539
477
506
518
549
654
587
483
574
573
605
546
574
646
815
543
394
475
484
443
1016
522
502
684
678
559
437
750
533
490
698
593
593
502
447
614
622
577
791
521
480
439
592
403
492
665
448
450
540
542
697
470
511
605
638
727
525
627
623
624
679
564
593
613
666
554
517
661
559
491
500
438
591
460
579
382
534
317
683
557
517
566
644
545
481
452
438
399
400
555
396
404
446
433
470
393
421
464
463
420
525
668
432
369
352
481
482
431
431
505
476
664
556
548
548
476
477
608
528
392
548
473
448
480
458
419
483
438
527
533
426
473
506
356
607
541
484
617
627
592
578
561
493
503
504
472
469
499
515
498
523
604
403
517
617
540
446
505
364
462
463
420
609
540
658
768
464
491
530
603
459
396
510
466
515
518
525
523
536
396
557
542
506
647
379
626
445
484
393
572
547
574
547
688
806
646
621
563
557
471
485
417
545
827
666
632
529
576
620
578
478
508
724
577
765
512
672
429
680
542
443
550
513
570
411
454
584
529
586
632
426
618
577
584
617
555
630
525
340
714
621
749
506
526
591
476
542
461
606
686
681
507
570
616
692
589
548
583
589
465
831
634
632
666
562
567
546
620
609
592
587
577
662
616
612
574
750
556
567
522
545
394
483
408
645
572
761
565
599
703
640
786
575
516
845
720
633
628
672
847
818
590
615
661
556
630
666
713
600
663
670
499
596
631
675
646
692
644
603
602
451
587
589
404
601
551
529
451
387
550
488
590
422
439
600
405
396
524
504
604
473
370
521
488
403
461
385
489
495
473
417
496
506
361
483
503
501
409
447
389
417
396
388
487
432
229
252
428
315
388
270
300
316
248
331
286
247
410
284
339
290
255
215
289
195
295
251
279
213
286
180
285
295
245
204
308
217
169
210
278
251
208
152
254
187
230
150
156
124
119
164
170
139
183
189
123
138
198
107
199
121
189
132
162
130
119
160
138
186
122
111
132
166
123
79
121
96
119
91
105
123
190
101
112
92
55
105
127
85
80
85
130
74
88
88
85
71
80
102
55
67
63
20
43
132
58
35
82
73
115
139
126
87
54
43
100
63
67
71
117
92
121
136
13
43
37
26
57
46
70
29
84
77
92
148
155
40
31
49
68
30
18
52
103
67
79
77
39
103
44
71
73
57
58
123
142
50
91
55
94
56
84
136
135
71
47
99
58
96
73
208
122
96
136
89
122
99
133
104
194
131
159
137
194
161
286
205
227
185
222
192
212
257
313
226
190
286
226
423
353
399
324
325
223
330
370
376
392
299
279
271
329
384
371
445
266
268
372
391
421
408
394
406
298
410
446
535
375
330
400
428
541
396
342
376
430
376
424
512
473
346
527
451
483
503
469
428
500
400
444
398
530
537
541
548
726
531
531
507
383
704
694
454
465
686
497
480
427
592
507
550
625
474
654
489
549
580
719
411
612
628
497
668
625
565
395
605
654
577
505
681
508
581
570
709
534
633
450
569
638
545
483
494
489
588
496
494
678
699
719
584
603
533
578
455
686
636
671
616
669
804
531
705
557
706
508
668
629
743
777
755
578
674
511
764
589
548
602
596
621
629
571
772
587
389
572
619
801
593
719
628
488
691
634
642
426
424
577
674
754
750
520
662
840
505
542
657
777
635
578
678
637
579
588
659
713
577
530
500
870
577
769
841
597
676
814
768
575
527
513
514
496
477
585
546
798
553
870
782
490
573
501
678
492
606
591
536
721
693
802
787
527
853
773
715
598
752
542
616
640
668
498
708
642
604
702
696
495
543
576
693
807
631
708
581
179
9
185
632
706
579
612
760
613
577
496
557
576
588
629
647
469
542
534
615
493
396
459
525
477
767
636
593
592
398
542
498
523
641
404
398
496
532
374
502
759
608
595
638
472
628
461
403
686
592
670
586
802
642
560
573
382
532
525
467
638
600
441
536
579
544
363
589
397
450
496
476
536
434
381
512
505
488
555
488
530
580
562
387
449
507
738
451
574
420
475
570
686
568
566
616
570
517
547
621
446
442
417
499
445
599
451
504
446
519
468
591
442
385
412
384
446
400
417
606
574
355
392
518
461
605
447
566
475
526
609
457
511
423
348
462
450
504
372
518
616
456
509
396
470
589
470
371
490
431
563
661
462
322
391
550
452
523
553
436
557
438
439
465
475
540
356
582
493
361
372
416
381
412
626
421
448
447
515
503
495
394
503
441
447
480
440
460
470
420
526
588
386
372
413
491
509
392
421
505
532
405
443
568
392
439
478
525
433
574
345
366
396
510
391
483
456
320
412
455
574
549
371
451
495
478
579
532
433
447
417
407
492
597
453
443
416
443
394
455
441
341
430
446
416
651
504
572
629
589
497
477
481
474
648
539
502
360
486
504
574
496
536
496
561
474
743
536
429
647
466
543
710
596
412
514
555
465
443
494
439
578
364
433
603
494
508
377
540
597
667
523
579
435
407
575
497
582
558
497
490
591
531
565
475
431
455
556
476
473
440
480
539
421
457
489
384
440
443
415
397
580
580
552
404
547
495
631
604
368
583
454
444
525
423
556
621
620
494
532
483
442
471
515
404
598
603
363
368
408
409
479
408
452
354
269
475
487
313
536
357
406
416
392
337
379
322
317
550
353
367
355
314
295
388
307
419
358
404
352
307
318
314
355
317
243
330
325
269
262
231
221
363
300
273
227
250
240
292
402
438
306
276
180
220
237
241
323
247
250
237
202
196
277
227
170
140
244
238
203
195
106
230
195
193
263
149
171
153
284
225
187
160
131
135
147
127
142
159
168
167
107
120
92
76
75
95
129
123
45
120
166
135
85
40
126
92
110
167
88
45
125
89
52
136
103
95
97
60
67
62
68
54
87
24
54
62
90
98
73
113
46
115
55
148
58
83
74
90
69
70
41
46
80
37
38
29
36
49
69
60
45
49
35
35
61
67
34
27
29
42
34
40
131
73
31
120
60
43
49
39
18
54
82
24
89
41
54
60
76
91
48
70
90
80
65
164
92
33
123
63
97
124
102
67
97
104
95
40
82
167
107
141
123
96
271
247
151
218
155
115
199
174
181
282
213
153
183
355
208
286
260
212
279
284
316
449
215
220
254
232
248
305
289
364
375
302
140
317
353
365
445
472
351
507
442
224
275
333
334
398
371
420
327
413
320
412
763
548
696
677
216
143
470
524
437
350
344
435
285
437
468
352
380
506
364
323
590
450
455
418
454
518
405
498
677
720
353
508
498
528
513
505
449
459
365
530
415
357
483
635
444
645
529
583
512
496
467
444
416
506
572
556
610
711
594
583
596
667
717
619
426
114
13
619
559
588
495
653
599
555
545
554
621
600
684
538
658
550
613
783
598
620
666
544
563
696
486
630
569
722
708
650
503
649
732
546
702
651
527
642
553
847
582
611
680
619
683
605
465
569
565
573
470
584
425
566
466
585
642
585
610
674
506
538
450
452
489
617
493
516
642
445
537
726
820
1093
449
507
727
620
775
746
442
458
641
690
618
715
552
500
674
497
657
664
595
567
660
611
557
605
465
529
603
709
536
574
523
668
599
647
744
543
738
616
643
557
671
572
515
771
695
724
578
525
619
675
657
799
813
639
510
553
708
563
479
609
564
575
630
375
572
487
554
638
502
529
475
502
698
519
403
476
474
510
518
486
441
120
476
700
497
569
407
617
444
552
454
504
402
495
547
496
554
660
609
574
667
640
700
522
551
443
376
568
494
562
470
613
636
627
502
517
577
570
558
541
421
415
587
567
423
537
614
466
469
470
544
410
522
392
402
458
466
493
287
464
586
558
431
565
589
475
455
460
385
388
506
301
443
296
350
331
296
596
438
500
490
512
415
513
321
330
408
316
333
446
381
343
318
406
386
366
322
477
449
343
293
314
361
471
398
350
443
407
468
370
396
332
372
426
432
453
446
285
325
323
317
531
483
454
319
376
424
372
481
539
484
512
363
353
461
335
498
391
378
436
278
428
416
330
310
253
402
487
399
452
509
486
551
384
337
487
291
460
437
366
336
469
384
348
416
468
421
529
335
455
393
511
430
456
395
321
461
394
421
356
406
412
321
405
326
332
296
441
415
355
352
390
588
340
377
565
274
444
314
422
374
449
451
357
313
444
419
437
426
410
509
420
289
287
433
626
493
462
394
325
673
520
401
416
390
375
450
349
450
446
474
407
505
430
374
641
615
528
475
515
378
468
609
411
584
455
515
507
514
535
360
429
534
530
397
479
369
619
539
490
436
464
447
465
443
447
527
525
459
441
417
440
516
683
360
309
587
385
451
507
426
597
510
534
422
320
367
383
440
576
737
549
445
508
592
484
348
459
610
506
548
561
565
570
398
586
360
384
379
476
336
431
496
511
435
352
471
456
508
414
455
480
468
312
398
342
423
451
379
375
391
387
308
349
358
518
360
414
377
344
393
358
300
277
307
188
400
443
347
343
240
258
275
381
255
350
298
296
228
279
330
276
255
353
293
287
201
358
311
194
223
238
210
277
155
195
132
180
286
215
178
210
199
201
163
158
222
197
184
215
125
140
93
348
245
247
150
194
181
115
163
134
201
136
149
91
148
143
133
88
55
77
179
124
166
147
101
117
101
76
73
91
113
58
85
104
62
97
58
49
35
124
80
25
81
144
74
56
44
51
74
132
60
71
29
24
77
34
87
33
37
95
179
38
72
39
26
34
63
59
36
32
70
70
23
38
22
55
51
23
42
80
36
50
37
36
36
57
55
33
11
32
36
42
73
60
59
38
44
99
60
158
124
69
90
76
170
81
79
86
105
85
172
92
108
86
159
173
120
123
101
164
170
150
209
250
244
252
257
211
282
221
287
211
360
209
192
329
353
223
318
259
256
272
360
350
488
437
364
340
311
411
342
399
245
404
281
314
545
484
452
204
429
409
310
451
482
404
408
466
455
488
607
442
430
359
447
440
477
446
422
346
475
533
373
448
563
440
422
555
339
422
405
491
466
574
409
503
565
442
487
530
498
512
451
763
575
530
594
540
374
537
514
521
640
564
564
641
537
527
490
586
466
446
650
627
678
538
516
447
495
446
549
505
631
494
572
402
496
617
823
565
575
539
637
675
522
621
499
592
754
727
711
490
424
877
619
531
543
762
572
540
540
562
689
803
595
787
524
506
541
517
635
762
524
659
607
660
667
782
587
457
625
788
678
683
604
663
643
635
629
689
570
549
532
565
558
591
524
496
413
648
478
572
383
682
387
555
385
476
426
660
564
583
513
521
486
457
653
560
465
463
571
652
580
392
503
541
644
799
375
640
610
682
655
642
545
558
648
716
503
522
613
588
678
750
889
553
548
573
438
597
671
534
670
732
504
767
622
646
549
676
545
383
647
706
538
525
589
610
690
610
663
449
425
521
560
782
703
744
574
472
541
442
679
564
470
678
644
599
600
698
510
640
484
543
572
328
577
553
488
561
407
402
436
554
582
517
515
462
413
437
542
458
408
413
456
556
514
529
580
558
582
530
442
471
322
476
557
406
590
381
361
589
331
510
483
416
464
458
524
415
462
463
619
469
438
525
521
329
539
421
379
387
493
452
305
436
532
541
504
450
367
477
419
456
422
297
363
515
469
393
364
409
348
429
627
522
433
422
261
375
579
448
357
544
455
406
523
394
416
343
435
421
328
379
350
375
443
442
527
445
329
457
237
409
321
467
583
439
445
450
345
322
430
405
455
350
471
370
361
581
378
386
440
405
408
422
496
377
404
405
546
542
454
459
528
525
556
448
470
423
354
503
308
525
472
581
510
406
446
417
364
434
490
588
573
538
450
442
579
600
615
526
594
581
564
486
568
440
421
425
529
537
390
440
458
433
552
746
555
457
552
566
387
402
347
353
416
496
522
393
641
460
349
362
560
422
440
499
476
571
525
414
406
418
548
626
551
517
423
489
414
466
374
390
539
338
300
359
465
449
402
479
552
400
408
462
781
644
934
479
594
548
466
536
498
498
493
530
614
447
462
520
436
437
586
570
471
438
449
545
454
387
471
488
484
561
641
825
638
544
510
496
429
661
502
545
584
871
639
455
678
574
499
665
598
545
539
527
589
541
565
570
522
574
486
609
510
634
747
722
546
640
468
534
582
691
583
691
735
431
408
554
672
628
647
659
751
635
554
573
604
520
670
641
735
661
647
683
616
609
482
518
613
661
707
607
577
481
610
510
527
561
577
478
543
635
439
540
641
546
479
508
412
486
669
786
604
460
578
689
616
542
663
478
805
639
513
473
553
442
474
581
331
421
406
448
511
504
411
419
346
467
482
467
349
366
374
376
493
311
450
381
463
285
431
351
455
456
553
361
323
407
377
384
354
280
364
245
405
337
422
294
315
261
254
189
181
224
253
207
259
274
230
225
327
189
198
260
212
161
149
222
307
179
225
253
128
238
241
220
220
176
211
163
141
185
159
174
135
112
171
168
191
103
185
156
135
154
119
145
168
120
109
149
154
148
120
163
193
177
130
96
144
139
99
77
101
65
39
57
53
31
55
88
96
74
73
52
52
59
53
27
81
36
72
86
107
61
51
73
36
19
22
56
70
59
36
22
49
32
22
54
90
90
54
45
43
22
90
116
52
71
53
18
24
80
11
67
25
71
12
52
92
86
40
48
56
79
37
54
48
101
77
104
92
106
162
127
75
67
77
198
109
103
97
120
83
93
70
181
159
166
83
111
95
240
191
159
142
191
100
183
355
186
239
215
201
171
226
202
270
190
254
258
136
221
263
252
347
213
311
249
337
331
193
333
199
412
321
358
443
303
337
370
455
380
317
351
336
360
373
366
373
567
419
412
317
473
327
398
349
365
455
477
504
430
488
396
373
333
488
555
415
431
407
584
649
297
447
521
408
323
507
413
476
509
442
467
428
567
151
17
190
697
716
609
754
582
619
507
657
620
525
425
657
556
712
492
629
762
636
471
709
776
732
472
662
569
667
649
727
642
639
785
849
631
606
504
596
719
477
493
407
604
319
452
513
537
631
529
621
517
480
495
355
501
604
657
637
341
427
440
418
485
469
439
520
469
598
505
516
512
307
438
568
474
742
521
486
406
399
639
574
229
559
507
445
437
641
347
594
658
432
311
345
643
440
527
549
570
504
485
525
575
615
606
591
475
576
577
518
463
603
673
586
590
555
531
491
504
584
658
641
533
534
565
505
458
394
552
403
586
578
458
537
488
491
469
535
688
580
526
430
463
660
535
484
526
435
316
494
462
541
549
564
397
553
633
629
468
510
611
417
486
636
469
541
519
587
580
432
482
559
514
720
544
456
547
545
512
634
693
520
561
593
602
571
579
369
608
550
650
590
646
605
565
484
564
587
540
523
504
729
496
544
531
544
486
682
555
588
490
473
590
410
357
493
492
496
554
518
602
619
491
514
542
611
534
490
595
564
538
457
485
498
701
520
455
377
405
548
417
438
548
512
411
536
477
473
387
543
482
525
423
524
433
635
512
450
611
424
484
560
606
558
728
592
582
628
457
525
420
415
596
507
551
574
582
528
668
550
582
742
443
361
464
483
495
648
557
526
480
542
627
531
559
544
359
492
475
514
433
428
463
465
681
570
402
520
446
603
648
552
452
507
513
543
608
485
603
649
545
506
470
437
489
521
609
576
484
451
472
543
588
452
458
588
534
544
561
608
604
592
568
640
795
547
575
588
548
475
642
692
457
564
709
618
593
601
571
579
615
488
617
543
557
589
547
657
477
625
646
665
706
631
689
612
627
757
744
460
597
431
811
852
678
746
632
825
780
750
754
849
566
694
756
748
699
681
623
679
678
496
754
738
603
501
699
604
741
734
727
539
645
646
596
732
546
578
478
465
529
685
474
623
570
675
667
544
548
553
709
502
286
436
565
691
680
667
564
691
700
568
559
477
638
615
619
728
592
594
627
645
499
738
659
593
573
646
659
912
720
793
578
559
633
668
610
668
740
697
731
828
690
650
633
776
718
765
683
661
510
551
621
687
572
766
735
687
807
718
679
662
722
493
606
739
729
728
690
788
695
711
695
712
789
649
656
451
524
743
568
543
624
685
636
568
766
685
565
559
507
628
550
693
593
551
560
490
733
756
486
467
566
440
507
490
619
406
540
594
432
508
408
500
470
485
468
443
519
465
527
427
518
490
528
534
598
497
448
521
516
552
478
526
381
437
399
484
470
508
487
548
528
513
496
523
513
482
461
436
405
543
532
531
381
415
452
362
467
372
456
433
406
220
212
309
348
367
307
229
283
240
242
251
222
164
200
194
314
239
267
197
188
303
231
254
286
230
226
269
277
330
274
247
206
173
239
218
178
360
218
318
269
156
155
172
165
168
173
188
172
145
127
191
95
154
123
201
168
154
183
168
191
181
158
136
169
195
145
193
200
124
96
133
152
94
106
84
139
121
120
87
208
107
130
69
135
132
81
143
166
163
90
122
88
82
55
119
61
46
48
33
48
57
118
59
67
77
104
65
51
35
78
58
74
113
47
29
54
94
43
64
97
96
77
67
88
70
71
39
57
62
71
65
46
54
39
45
25
27
44
17
48
40
53
83
86
92
50
41
64
59
51
74
80
109
99
51
89
53
68
75
110
49
78
88
111
81
47
45
151
94
110
55
110
49
129
182
55
67
186
154
78
106
156
113
176
168
97
125
109
183
152
175
198
117
191
149
191
115
182
97
145
245
144
239
130
159
101
203
214
181
209
119
223
193
189
149
232
236
152
229
230
203
222
147
222
306
407
272
296
349
332
283
296
323
396
324
455
334
233
278
278
394
248
265
320
369
350
455
386
229
268
415
233
271
319
412
357
430
444
354
346
365
332
344
346
341
426
393
483
458
458
413
461
556
394
367
317
340
440
403
406
447
430
546
512
556
416
428
535
508
389
600
509
409
310
509
509
434
454
480
489
554
453
445
331
531
372
424
578
485
411
382
414
257
310
382
430
380
325
417
329
362
307
437
423
272
420
405
399
467
327
440
375
412
363
474
385
484
396
453
465
449
291
320
430
355
428
255
323
478
496
337
633
415
482
329
485
447
393
477
510
424
438
410
618
521
410
411
660
464
531
374
394
407
426
563
438
482
430
517
493
570
437
551
449
455
419
366
465
448
525
391
459
443
405
562
341
437
450
325
421
539
513
405
675
493
485
502
502
594
360
636
538
608
575
522
574
449
520
536
550
585
512
540
563
681
439
743
632
448
564
506
439
645
512
574
481
479
495
420
591
567
505
480
577
577
633
537
486
411
518
552
509
407
568
462
522
475
522
523
454
519
620
480
502
556
460
448
408
428
322
492
509
485
404
460
434
524
624
465
513
497
502
518
350
573
394
342
440
420
478
539
437
422
369
391
480
431
467
382
464
663
415
633
676
563
448
424
421
519
464
280
574
453
455
459
480
579
490
491
445
523
560
591
623
495
601
474
527
470
382
489
473
468
466
455
625
493
593
609
604
495
461
652
598
602
427
419
464
486
784
560
563
481
483
566
491
504
376
622
680
517
452
496
566
482
529
453
373
565
631
600
561
563
637
468
483
577
607
625
622
480
532
619
607
544
554
561
625
690
713
538
483
495
607
712
683
595
605
599
647
532
583
641
579
507
645
557
602
552
704
493
718
561
620
691
607
531
704
586
592
649
567
460
764
731
503
697
752
631
470
549
659
658
588
719
582
807
581
638
541
618
555
710
539
535
655
674
590
750
631
563
664
717
661
696
657
649
611
735
573
784
581
677
526
711
696
484
591
590
541
644
552
480
555
866
774
620
576
685
626
645
712
651
562
646
602
631
738
710
764
726
741
741
633
584
559
676
577
849
733
883
724
618
687
678
671
830
694
873
763
746
826
693
814
1022
886
729
760
644
726
660
847
791
696
692
673
654
396
644
790
662
617
625
628
622
713
641
501
728
451
531
670
700
316
55
468
636
494
598
651
714
651
752
661
805
775
718
753
695
808
663
750
787
253
105
659
702
785
573
714
536
702
651
713
843
721
621
538
449
708
569
687
659
560
563
570
672
465
717
740
759
670
642
673
665
713
542
651
549
717
650
576
571
550
639
612
574
486
559
475
488
553
598
348
589
531
466
424
266
295
368
314
79
247
238
16
249
292
375
267
238
579
475
321
396
628
448
551
617
282
335
352
312
312
357
310
385
324
210
259
297
271
369
206
343
483
370
224
273
234
258
277
251
372
261
370
240
360
385
277
302
244
254
274
156
170
233
243
148
261
243
258
263
207
232
169
203
143
146
174
154
193
183
250
129
197
164
158
186
135
122
138
151
138
140
146
124
126
95
133
95
118
200
111
102
139
107
110
85
113
111
92
63
95
116
162
47
97
100
102
113
120
77
83
94
65
33
84
62
102
36
99
68
101
88
64
71
98
96
176
101
44
31
59
105
81
54
58
49
53
88
48
93
145
76
72
69
53
52
34
75
70
92
59
45
59
63
78
73
135
74
74
92
49
69
86
91
62
68
108
63
109
76
75
119
192
153
102
130
152
111
133
131
151
110
97
105
185
190
188
138
177
187
203
147
158
153
261
174
261
191
247
198
222
176
233
222
276
191
283
250
239
264
354
233
445
311
280
287
337
240
190
390
255
381
320
389
361
281
400
315
300
232
386
307
339
261
259
404
573
468
343
388
354
298
341
454
490
524
409
472
627
467
443
337
353
455
371
557
614
456
392
473
585
674
520
602
616
451
478
661
396
605
545
444
492
524
539
532
416
517
558
520
646
391
623
482
535
522
681
494
690
563
772
604
894
569
704
620
465
589
648
749
752
526
527
572
683
711
643
678
566
469
510
505
562
797
740
713
491
643
697
704
666
600
561
672
634
752
889
812
978
685
887
514
697
626
753
1093
986
664
878
817
849
763
757
895
1016
771
963
808
853
961
786
710
1007
823
707
665
897
757
863
826
701
756
576
806
983
692
685
974
1072
834
742
961
1005
895
1013
879
877
1001
812
894
870
780
830
1086
931
926
800
755
803
809
858
779
776
857
798
713
842
683
874
776
872
730
814
710
630
851
738
874
856
686
769
793
849
723
860
802
941
761
942
885
970
846
1108
840
1022
682
971
660
930
931
982
916
917
750
1382
729
807
1004
1100
714
764
897
681
808
824
655
803
716
717
949
985
1067
866
1142
1009
963
808
878
795
1006
930
829
813
722
1100
1125
896
871
772
761
802
656
860
608
857
635
837
813
847
831
769
783
709
720
1122
1142
881
1127
794
675
645
944
635
652
819
848
765
603
731
855
805
977
824
867
634
897
751
585
545
864
758
747
852
1035
804
562
830
715
870
688
805
679
701
522
528
802
856
764
884
863
796
860
904
660
328
26
615
677
770
862
69
17
280
589
623
830
716
887
790
978
960
867
709
784
639
815
710
773
659
545
574
721
889
686
634
651
722
644
940
946
721
677
620
552
690
723
755
712
691
563
826
828
694
605
572
495
593
484
841
915
558
661
541
627
595
503
880
740
573
705
665
787
677
569
863
632
644
553
870
728
623
556
846
792
610
590
685
759
919
892
731
685
556
847
702
689
797
670
1004
715
875
985
607
721
613
635
564
582
565
581
764
586
548
717
664
776
770
598
712
642
717
698
775
828
710
675
899
714
851
527
709
671
824
858
813
577
645
654
892
726
612
687
653
838
795
735
619
693
729
703
635
540
696
698
640
659
735
831
684
628
790
648
654
574
873
584
555
600
613
735
729
559
633
662
649
878
783
721
741
721
581
755
783
665
674
723
619
613
600
627
614
554
613
796
568
644
570
543
588
579
557
784
637
705
746
646
640
675
744
595
721
673
699
715
748
646
668
733
734
627
603
707
728
769
703
804
815
706
635
680
699
614
768
723
634
626
698
660
635
714
765
655
734
603
669
763
649
709
668
682
825
742
851
624
741
679
646
706
709
684
618
736
678
693
790
617
713
719
609
885
710
682
762
622
655
733
676
865
939
754
754
785
743
749
667
604
807
681
739
803
794
706
653
652
635
776
807
811
682
740
659
635
728
731
828
622
660
651
642
499
586
677
687
807
733
558
668
510
576
648
614
816
643
730
620
588
551
803
698
472
726
621
608
633
721
703
609
692
636
476
646
659
685
549
434
592
503
371
314
438
440
404
333
358
349
305
270
226
315
301
333
312
417
252
250
420
258
176
32
32
240
218
310
260
222
228
282
195
169
139
273
206
260
208
228
262
279
246
215
232
171
201
95
91
208
327
287
196
164
180
182
192
117
254
119
164
143
206
188
202
158
109
167
136
92
139
58
80
79
87
144
171
125
115
55
56
148
113
74
106
100
78
101
123
52
97
16
65
75
130
41
116
48
59
76
75
91
46
63
58
49
91
64
36
30
14
58
29
58
42
43
56
89
33
66
47
114
48
40
121
97
65
31
84
64
45
55
67
27
52
28
94
70
56
66
43
59
70
57
86
51
86
66
137
58
55
54
70
52
79
106
105
97
81
44
54
78
67
99
64
106
140
90
86
101
58
53
146
160
194
116
193
104
141
67
206
182
149
88
164
88
287
117
162
136
131
115
156
215
208
168
104
163
121
144
168
179
200
157
184
241
214
298
225
214
244
211
192
165
169
344
222
166
260
227
252
198
203
257
224
190
211
254
444
322
245
165
215
262
193
199
206
185
232
186
342
344
323
400
264
240
361
244
208
258
263
306
291
291
262
223
284
272
226
266
294
271
261
274
365
235
513
425
486
470
409
323
491
424
522
547
383
327
331
385
436
466
453
424
473
601
483
486
568
453
324
446
605
484
480
528
516
475
586
628
500
395
487
372
460
584
537
475
511
380
526
523
606
370
482
452
397
410
450
491
793
540
631
481
724
640
547
637
490
343
450
447
534
474
559
518
455
529
569
650
522
512
494
474
636
439
552
546
604
614
793
544
550
774
609
644
509
516
525
681
695
529
388
625
625
563
537
455
555
668
571
534
532
552
591
730
530
533
483
589
578
677
519
426
551
537
570
549
713
577
480
608
533
551
613
531
505
610
831
685
433
652
508
653
618
608
348
624
634
640
526
550
424
659
678
481
643
563
524
563
582
546
454
462
572
743
553
665
791
417
518
479
536
483
549
521
401
588
490
442
523
579
480
545
445
544
561
533
543
548
545
402
372
473
517
493
526
479
407
475
579
382
603
437
464
533
455
484
478
578
651
408
478
431
545
534
383
445
394
419
408
422
382
446
426
499
509
445
498
598
367
503
500
429
619
656
460
574
509
527
590
494
569
576
353
557
444
475
519
584
411
357
490
452
457
555
535
577
578
578
551
413
433
523
537
462
515
413
514
516
623
550
440
477
665
540
523
354
492
479
425
577
439
486
684
487
478
611
467
475
453
427
520
454
721
476
607
518
533
432
578
518
590
608
466
585
724
486
514
601
636
622
472
626
525
528
488
513
634
624
463
507
597
587
565
472
733
661
410
590
546
609
504
580
600
515
638
673
523
546
570
623
461
573
613
570
593
833
671
708
581
593
609
651
548
587
601
750
709
635
748
806
668
739
620
583
688
558
757
510
595
447
651
706
577
733
609
622
495
639
623
664
574
792
565
514
536
752
683
604
561
739
755
869
745
796
492
600
700
613
682
758
787
719
608
620
485
570
552
648
582
532
573
681
625
644
669
698
666
734
556
819
503
636
581
652
686
661
533
662
738
674
534
598
747
602
690
535
565
620
686
568
686
527
561
546
451
510
559
658
762
588
604
561
700
665
617
575
651
678
665
748
713
609
597
598
665
727
763
787
659
540
515
622
625
555
692
736
507
560
660
779
728
615
629
730
791
856
706
691
880
784
690
727
692
640
684
508
725
642
761
575
652
671
681
736
723
636
600
767
722
648
751
710
683
665
726
866
795
735
777
692
712
614
696
756
546
483
641
667
685
646
676
702
593
559
642
687
588
588
591
657
614
500
534
555
732
520
590
523
597
573
611
600
627
578
711
521
586
462
501
550
487
447
442
481
555
446
530
441
466
578
456
635
457
538
440
368
535
413
388
381
440
471
453
361
444
409
400
416
377
470
409
347
376
483
466
323
343
291
351
365
257
359
431
323
377
396
287
408
298
396
285
273
253
233
218
269
224
245
218
283
320
216
214
260
210
192
290
335
232
248
230
196
188
215
252
266
178
223
213
155
176
132
189
194
152
221
148
195
227
152
134
130
203
171
126
228
154
140
164
122
170
153
170
148
171
95
79
174
142
150
152
105
161
162
137
64
79
64
114
117
83
80
33
113
48
122
63
42
150
47
58
84
41
84
95
59
49
43
124
77
22
48
25
53
37
81
52
28
37
44
26
43
45
96
34
103
35
35
127
66
35
55
