3548
6665
7578
6874
5344
3165
2131
1375
1283
1268
1701
3284
6334
8225
9515
10463
11360
12221
12388
11409
11291
11127
10284
11412
10498
11462
10027
8021
5350
8500
10005
9320
10568
11668
10108
11084
9859
9909
8867
9586
9230
7815
6181
4676
3611
2535
1739
1522
1337
1537
2642
4685
7177
8265
10505
11097
11669
12429
12328
12666
11806
7512
13068
11511
10754
11101
10067
9703
9278
9869
9192
9973
9882
9321
9048
10328
10496
9644
9400
9973
9088
7249
6066
4448
3236
2289
1120
1238
1400
1997
4091
5477
6417
8294
9340
10602
10943
11508
9430
10399
9443
8854
8303
8845
7844
8533
7565
8655
8267
8941
9796
9322
9118
9651
8810
9194
10410
9761
8463
8034
8016
7311
4645
4172
3294
1876
1516
1335
1312
2190
3295
3770
4614
6099
7344
7675
8452
7882
7629
8506
8163
8477
8444
7874
6792
7987
7551
7637
8362
8529
9977
10501
10225
10381
10810
10288
11712
9700
8330
7664
6138
4870
3564
2468
1456
1128
1171
1751
2997
6526
8444
11373
12472
13551
14277
13690
14008
14776
13582
14327
13783
11970
13111
12313
14027
12666
10858
10079
10138
10305
10192
10008
9707
8988
9385
10847
9668
9383
9576
8392
7000
5218
3924
2760
1641
1299
1202
1253
2524
4877
6549
8362
11100
11367
12538
12413
13226
12584
10984
12160
13308
12779
12676
12262
11696
11009
11944
10038
8986
10080
10321
10527
9995
11895
11159
11350
12099
11698
13374
11358
9530
8244
5599
4222
3069
2213
1546
1508
1385
1669
3210
5995
7520
8849
10738
11382
11558
12659
12490
12404
12988
12304
12935
11118
10751
11404
9939
10611
9937
9520
9503
9427
9169
9115
9401
9747
10610
10015
10089
9758
9580
7628
6268
5268
3772
2318
1747
1502
983
1219
1982
4426
6519
8306
8469
10196
10238
12023
12569
11410
12004
12109
12439
12019
9919
10758
10697
9496
8135
7607
7904
8135
8530
7867
8080
8648
9787
9549
9114
10226
8594
7226
5903
4144
3402
2047
1322
1108
887
2116
4342
6727
8712
9109
10842
10602
12294
12328
12495
10209
11530
12494
11736
11485
9737
9628
9099
8904
8244
8301
8958
9406
10078
9538
9424
10254
9843
11899
11596
12352
11642
11580
8964
7865
5455
4089
2955
1997
1145
1063
1258
2416
4090
6407
7969
9020
10186
13211
10356
9824
9915
11048
10555
10145
10890
11396
10677
10794
9434
10841
10942
10067
10489
11831
12014
13921
13131
11165
12551
13581
13419
13355
11670
9837
9921
8602
5095
4883
3277
2739
1856
1382
1028
1461
2054
3072
3813
6173
6920
8223
9600
7872
8137
8455
9556
8964
10621
10824
10352
9513
8975
9937
10394
10727
10850
11992
12106
12503
12975
12551
13730
15167
12725
12663
12316
12753
9706
6985
6074
5302
3546
2436
1750
1533
1491
2040
3454
5231
6964
8802
10628
12012
12534
15051
16668
17090
16664
15977
18432
17041
16740
16195
15777
13728
13557
14093
13094
14073
14435
14225
14257
13340
13824
12830
14029
13666
14062
14812
14215
13012
11650
6189
4472
3717
2308
1558
1065
1251
1525
2444
3183
4486
5142
5359
8415
9890
10099
10568
11773
11248
11690
11127
10875
9864
9338
10348
9842
10027
10637
11198
11392
13213
12443
13470
12401
12545
12421
12930
14034
14239
12517
11305
9461
7700
5953
4405
3373
2447
1402
1057
1486
3491
5781
8443
8779
10756
12792
13024
13746
15397
13118
14220
13997
14380
15511
15463
12170
13609
10684
9267
8804
8167
9395
9023
9149
10414
13642
13506
13518
14821
15504
13929
12374
10399
8620
7853
5733
3341
3055
1950
1159
1283
2841
5187
6683
9646
10121
11447
11288
12488
12485
11803
11976
11968
12024
12186
11997
11648
11438
10505
10967
10720
9952
10293
10778
10845
10211
10370
10671
10414
9386
9250
9849
11154
8889
8476
7733
5243
4084
2914
2151
1808
1301
1636
2683
4292
6391
8631
10016
10915
12769
13667
15103
15013
10392
10908
10951
11541
12034
10994
12263
15524
14376
13899
9081
10632
10436
10011
10648
11362
11218
11422
10977
11266
10825
9794
10172
10551
9605
8421
6277
4125
2901
2169
1749
1716
1815
1865
4175
4876
7220
8419
9307
11511
11801
12229
11271
10911
11803
10511
11769
10604
8496
8196
6884
7721
8165
8872
8410
9403
8748
9043
7567
8531
9526
9357
11062
10629
10918
10283
9536
7818
6175
4226
3166
2109
1689
1423
1692
2222
2640
3473
4729
5445
6510
7430
8842
10126
9801
10095
10008
9416
9918
9501
9691
10160
7994
8465
8790
8735
10141
10467
11024
12109
10553
11404
12645
12212
12188
11876
10990
10199
9180
7070
5225
2277
1660
1516
1115
1183
1913
3845
7883
8610
10119
10665
12716
12289
12096
13585
12880
13317
19105
18291
15973
15950
13448
13376
12866
12312
11159
10204
9107
12255
12008
11409
16018
12408
11993
13098
13417
12947
11664
10511
7692
6754
3612
1169
1655
1259
1263
1465
2425
11787
7778
9337
9907
11023
11688
12198
12003
12430
11959
12357
11949
11568
10946
11651
11692
10724
10983
10585
9299
10161
10163
9807
10180
10355
10968
12808
13154
13500
14201
13300
12371
10957
9198
7243
3727
1822
1528
1448
1167
1537
4115
4970
6654
8460
10556
9521
7829
6553
3174
1261
6080
9092
8914
9138
9749
9359
9981
8753
10203
9228
8014
8383
6136
3386
1959
4451
3713
1458
2568
5609
6644
9100
10854
10886
12006
11262
12420
11707
11683
12032
12474
13153
12157
11461
9404
9658
8767
8109
8542
8827
9156
8398
7835
8157
8114
8160
8532
8026
8445
7807
7083
5034
3240
1889
1708
1164
1310
3659
4178
7450
8131
7732
8649
10084
10111
9416
9801
8486
9063
6639
8410
8035
7810
8236
8431
8283
7171
6647
7011
7644
10167
8270
7798
7830
5162
4350
4200
3943
2710
2147
1198
859
609
606
1326
2064
3430
5195
5565
5406
5811
6598
7146
8283
7097
6987
7933
7632
6973
7475
6657
6367
7426
7613
8903
8047
7365
8923
8640
8633
7609
7107
6583
5706
4224
3118
2526
1202
1253
1409
2207
4377
8602
8114
8408
10629
10135
12966
12904
11842
11694
11923
14703
11989
11027
12259
11757
8892
8838
7464
8010
7637
9313
8277
8805
8773
10592
9821
10253
7979
7716
6397
4990
4198
2766
1698
1271
1065
1426
5205
4767
6216
8692
9293
11140
11166
12076
12238
11488
11098
11904
12147
11814
11256
10702
11350
10476
9532
8556
7386
7576
8278
8881
7943
9114
8866
8958
10519
9994
8027
6111
4458
3828
2334
1536
1162
1082
1356
2227
4981
8147
8073
9337
11902
10827
11902
13570
11116
9910
11811
12418
13124
11979
11710
10393
9845
9662
9395
9378
9142
9449
9482
9529
9133
9738
9841
9892
9928
7551
6739
5117
3573
2562
1798
1396
1338
1655
2827
7377
7714
10587
11313
10948
11850
12021
12700
12457
12270
11343
11911
10309
10517
10245
10121
9743
9798
9201
8678
8939
9262
9898
8120
9885
10069
10285
9481
8609
7241
5906
4502
3670
2423
1916
1515
1265
1812
2638
5579
7523
8240
10420
10362
11520
11573
11543
11622
11420
12232
12710
12231
12287
11100
10563
10399
9677
9147
8413
8770
9172
8654
7748
7802
8078
8707
9265
8417
8125
6540
5021
3517
2459
1674
1493
1078
2157
3367
5499
7059
8137
9122
9115
10388
10605
9929
9590
9364
8010
7845
7003
6602
6725
6851
5831
6942
6410
7430
7451
7477
7830
8191
8115
7240
7831
6493
6081
4775
3743
2732
1807
1552
1454
1767
1934
2917
3459
4780
5595
6469
6192
6981
7069
7704
7168
6941
6523
7619
6270
7042
6863
7255
7251
8121
7869
8555
8336
9214
9247
8892
8967
7848
7787
6655
4665
2839
1806
1607
1292
1289
1960
4230
7623
9536
13317
21360
21762
26049
13400
14593
12921
12752
13339
11607
12594
11988
11557
10100
9556
9500
8918
8923
8647
9092
8153
8923
8587
9226
10016
8877
8254
7225
4575
3501
2106
1724
1672
1190
1253
2310
6078
7678
9251
10154
13096
12002
12823
12970
13282
11742
11820
13271
11805
11469
11627
11652
9979
9523
8797
8336
7406
8170
8154
8832
8088
9292
9984
10876
9366
8299
7073
5658
3517
2353
1992
1443
1013
1216
1732
5117
5901
8659
10388
10431
10515
11894
12187
14814
11472
13624
12362
11544
9661
10629
10132
8845
8103
8037
7519
6117
8483
6770
7857
8280
8830
8497
7302
6318
