436
1104
1381
1913
1715
2020
2189
2240
2290
2503
2337
2181
1789
1511
1855
1429
1539
1142
828
772
699
583
589
490
466
379
434
345
461
343
455
371
293
329
511
555
708
527
950
1554
1538
2054
2015
2620
2257
2315
2657
2843
3037
2738
2627
3487
3304
3561
3150
3496
3325
3653
3511
3930
3853
3327
3908
3754
3604
3102
3502
3312
3282
3444
2993
3809
3294
3048
3627
1895
4020
3330
3075
3732
3052
3252
3056
3357
3609
3450
3355
3055
2612
3189
2455
2493
2703
560
995
2413
2452
2913
1950
2937
2853
3044
3105
2885
3177
2868
1961
3524
3220
3256
3502
3838
3361
2778
3370
2145
3892
3040
3226
3708
3369
3162
2243
3233
2580
3252
2824
2450
2698
2824
2857
2736
2897
2991
2659
2839
2690
2393
2088
2481
1836
1922
1959
1555
1537
1373
1157
1138
1012
979
926
791
675
531
540
566
488
316
411
552
337
475
427
313
382
524
655
632
779
992
1207
1362
1550
1807
2031
2310
2442
2500
2666
2252
2819
3242
3293
3092
3415
3513
3392
3401
3501
3603
3646
3516
3939
3665
3991
3577
3845
3539
3881
3824
3877
3703
3091
4065
3913
532
1641
4063
3999
3502
4016
3122
3279
3250
3313
3213
3267
3161
3503
3242
3133
2862
3249
2847
2998
3078
2728
2777
2707
2669
3119
2648
3077
2693
2691
3201
2642
3258
2587
3118
3033
2833
3111
2809
2526
2860
2838
2954
2470
2817
3117
3145
3204
2929
3206
3260
2972
3122
2933
2580
2877
2119
3356
3131
3127
2959
2629
2519
2828
2916
2473
2075
2077
2116
1964
1697
1435
1424
1373
1129
1101
990
857
730
724
693
579
235
411
325
320
432
362
441
283
369
650
433
625
720
1009
1136
1404
1448
1784
1718
1588
1746
2316
1836
2374
2358
2718
2549
2709
2882
3052
3080
3248
3266
3274
3192
3462
3646
3029
3610
3344
2080
2717
3527
3201
3126
3204
2914
2900
2530
2804
2878
2619
2520
2286
2712
2328
3201
2485
2424
2592
2457
2246
2261
2337
2893
2593
2217
1975
2341
2433
2733
2455
2776
2675
2321
2492
2855
2370
2515
2982
2713
3049
3032
2548
2922
3042
2505
2693
2939
2687
2781
3037
2937
2419
2703
2770
2772
2816
2756
2689
3449
3131
2909
2933
3116
2749
3005
2434
2500
2235
2200
2635
2451
2428
2295
2381
2374
2331
2264
1876
1373
1351
1299
1327
1173
1237
1131
1027
805
997
611
489
545
414
433
457
518
374
384
402
467
308
406
476
931
485
841
1078
929
1109
1031
1068
1307
1426
1509
1226
1412
1606
2272
1885
2088
2110
2523
2246
2155
2450
2440
2374
2684
2439
2374
2584
2263
2089
2464
2298
2580
2652
2493
2270
2422
2724
2306
2453
2570
2596
2640
2544
2424
2505
2545
2344
2174
2202
2003
2021
2023
2729
2160
2253
2318
2164
2457
2039
2390
2331
2464
2336
2652
2613
2562
2419
2722
2972
3072
2984
3240
3112
3059
3194
3171
2737
3162
3145
3119
2941
3529
3113
3285
3141
3274
3083
2849
3203
3967
3292
3451
2902
2925
2688
2615
2434
2265
2738
2138
2226
2026
1791
1718
1643
1623
1322
1447
1205
1135
926
901
798
752
472
448
394
457
423
276
337
277
350
361
391
504
546
585
817
745
1070
1463
1860
1980
2411
2255
2360
3006
2832
3638
3654
3586
3399
3901
3627
4258
4566
3935
4571
4375
3808
4441
3933
4270
4215
4715
3530
4117
4519
4799
4134
4115
4075
3789
4249
4185
4607
4213
4451
4265
3584
4102
3479
3520
3681
3626
3835
4321
4013
3220
3314
4549
4083
4682
3673
4148
4044
3280
3395
3282
3074
3218
3272
2958
2655
2947
3180
3094
3218
2908
3113
2749
3402
3295
2573
3198
3049
3000
3229
2913
2734
2733
2881
2720
2392
3062
2470
2946
2883
3446
3482
2748
2924
3086
2995
2962
2709
2663
2765
2767
3063
2752
2410
2441
2489
2149
2129
2003
1674
1710
1308
1461
1098
1201
1014
901
901
634
517
494
549
358
307
355
464
338
403
357
251
375
503
557
522
679
1475
893
1513
1886
1648
1681
2284
2455
1964
3048
2862
2920
3271
3878
3359
3280
3572
3671
3375
3916
4130
3846
3780
3389
4004
4090
4005
3956
3455
4001
3373
3207
3502
3201
3749
3340
3584
4319
3861
4142
3719
4178
3795
3560
3993
3810
3647
4024
4004
3243
3368
3447
3651
3447
3447
3430
3050
3365
3764
3669
3166
2863
3512
2725
2542
2961
2547
3180
3029
2826
2880
3111
3354
2957
3204
2660
3530
2964
3013
3257
3015
3871
3302
3601
3564
3316
3061
3423
3381
3469
3483
3598
3817
3496
3628
3334
3434
3819
4345
3870
3811
3884
3236
3069
2944
2871
2747
2748
2732
2349
1953
1838
1672
1519
1517
1333
1129
899
954
853
849
704
722
544
550
438
370
594
461
442
312
543
320
409
524
430
546
731
741
1068
1243
1498
2047
2046
2066
2254
2470
2437
2591
2779
2700
3414
3207
3189
3341
3447
3512
3422
3533
3095
3777
3559
3882
4031
3871
3567
3740
3753
3497
3819
3962
3646
4154
3873
3416
3769
3624
4435
3863
3822
3810
2293
3902
3423
3300
3260
3146
2845
3574
3440
3545
3203
3008
2773
3078
3223
3176
3384
2870
2987
2660
2744
3072
2874
2922
2890
2978
2791
2810
2704
2704
2857
2738
2705
2850
2725
2639
2572
2895
2886
2808
2504
3218
3166
2965
3306
3331
2985
2911
3183
3016
3249
2958
2810
2568
3158
3084
3239
2847
2749
2437
2515
2297
2072
2147
1877
1671
1582
1822
1535
1212
1216
1124
1122
910
565
718
620
535
484
349
535
508
343
281
292
206
458
266
411
517
532
505
716
1157
1202
1504
1763
1692
1852
2441
2131
2783
2726
2288
2393
2885
3161
2952
2785
3209
2961
3761
2508
3449
3542
3822
3585
3801
3800
3892
3460
3096
3555
3017
4263
3824
3564
3544
3595
3416
3724
3797
3808
4202
3422
3203
3200
3080
2741
3086
2898
3704
3160
3402
3265
2950
2973
2733
2891
2752
2227
2832
2303
2227
2343
2187
2416
2414
2433
2511
2508
2409
2198
2781
2378
2421
2644
2457
2321
2165
2612
2277
2421
2341
2733
2775
2576
3093
2856
3110
2729
2917
2854
2956
2599
2809
3052
2836
3360
2583
2561
2784
2394
2189
2371
1823
2031
1855
1721
1644
1298
1201
1140
1105
1132
874
644
834
512
455
489
431
295
469
293
269
273
252
209
373
577
606
790
828
1423
1570
1674
2163
2167
2273
2255
2703
2725
2699
2801
2697
2936
3329
3080
3473
3265
3120
3153
3615
3546
3983
3567
3976
3485
3899
3818
3863
3365
3131
2868
3267
3084
3239
3750
3764
3654
3598
3878
3421
3615
3358
3835
3374
3691
3057
2848
2926
2833
3293
2674
2762
2760
2976
2576
2759
2673
2459
2699
2518
2679
2322
2582
2220
2584
2481
2551
2512
3054
2754
2802
2739
3182
3366
2920
3019
2919
2527
2794
2925
3066
2556
2450
2703
3980
3021
2916
3059
2845
3654
3592
3510
3339
3326
3799
3549
3428
3819
3831
3555
3646
3263
3344
3340
3489
3571
2802
2699
2477
2385
2441
2405
1985
1735
1398
1429
1230
1305
1096
919
924
810
955
685
346
438
308
450
262
215
344
400
278
330
375
668
629
644
854
966
1367
1400
1432
1754
2036
2210
2375
2346
2580
2633
2783
2619
2889
2380
3739
3367
3983
3751
4273
3395
2832
3273
3095
2678
3120
3050
2733
2936
2983
3075
3387
3410
3257
3515
2898
3021
3222
2956
3007
3404
3068
3154
3324
3603
3327
3454
3379
3342
2908
3155
3311
3129
2956
2874
2898
3052
3135
3545
3014
3484
2988
3380
2960
2984
3189
3175
3258
3116
2964
3439
3717
3402
3656
3399
3541
3930
3800
4513
4369
4108
3791
3990
3576
3346
3696
3160
3749
3669
3762
4103
3841
4354
4225
3602
4392
3951
4307
3781
3799
3650
3575
3498
3002
2912
2907
3095
3012
2697
3080
2820
2854
2496
1763
1467
1378
1459
1606
1261
1476
1038
835
1065
984
898
664
736
775
527
350
423
405
381
469
340
234
327
357
502
433
523
547
722
816
942
945
1000
1067
1105
1272
1650
1979
1902
1946
1986
2233
2087
2559
2508
2466
2993
2725
2875
2686
2694
2084
2275
2290
2449
2538
2111
2841
2641
2821
2834
2746
3017
2678
2601
2685
3062
3311
3151
3320
3332
3186
3140
3162
3020
3113
2854
2640
3020
2834
2656
2560
3233
2839
2701
3088
3311
2748
3379
3235
3276
2901
3333
3033
3312
3443
3510
3526
3841
3487
3626
3714
3618
3784
3755
3740
3703
3986
3921
3975
3402
3871
3881
4091
3984
4442
4178
4715
4767
4359
3763
3730
3396
2902
4358
4387
3291
3889
3880
3608
4023
3886
3613
3345
3107
2133
1121
2255
2922
1978
1746
1995
1665
1893
1400
1386
1217
1100
969
835
691
769
559
624
552
416
490
507
400
522
353
396
497
484
634
781
779
1083
1154
1267
1461
1887
1699
2132
1879
2308
2325
2942
2687
3100
3204
3149
3189
3234
4017
3595
3809
3577
3808
3871
4737
4162
5287
5165
5125
4712
4648
4999
5630
5187
5301
4877
4760
4473
4827
5029
5671
5156
5501
5160
4523
6018
5380
5485
4722
4597
4934
5264
4663
4795
4279
5060
4470
4088
5071
3076
2440
5161
4524
4161
4277
4206
4270
3787
4000
3918
4266
4050
4079
4542
4709
4516
3691
4061
4142
4677
4402
4106
4327
3996
4247
4167
3816
4164
4302
3894
3772
3481
4158
4107
4244
4137
4339
4063
4163
4061
4465
4042
4227
4367
4490
4452
4428
4229
4255
4134
3989
3574
3948
3928
3994
3449
2658
2019
1904
1388
1282
1286
1443
1160
1273
1044
1061
701
686
561
560
424
465
371
225
329
467
344
338
351
484
416
459
566
604
815
877
948
1014
969
1376
1325
1325
1339
1653
1201
1913
1640
1623
1592
2494
2716
2328
2920
2880
3213
2798
2952
2717
3386
3381
2982
3237
3141
3879
3484
3425
3320
3468
3272
3497
3316
3716
3359
3433
3452
3359
3423
3078
3059
3174
2802
2848
2976
3024
2720
2583
2920
3238
3265
2932
2722
3232
2883
3120
3053
3098
2911
3296
3259
3376
3409
3229
3615
3239
3495
3410
3979
3746
4305
3716
3709
3652
3733
4211
3946
4174
3369
3890
3914
3775
3893
3664
3281
3732
3886
3930
4141
3745
3849
4403
4413
3895
4099
4198
4470
4247
3668
3859
3538
3454
3586
3331
2858
3106
2751
2494
2516
2404
1966
2222
1738
1457
1412
1531
1322
1059
1095
992
903
837
872
575
479
444
371
349
279
347
353
391
415
504
627
914
1170
1443
1450
1827
2017
2114
2897
2545
2289
2495
2637
3329
3576
2831
3265
3102
4174
4081
3857
4166
3724
4184
4183
4367
3724
4557
4157
4999
4248
3551
4320
4290
4149
4017
4447
3940
4061
4531
3821
4466
4846
4273
4912
4441
4597
4951
4622
4416
3757
4148
3220
4071
4229
4108
3720
3545
3009
3127
3017
2759
2846
2498
2421
2837
2696
2365
2006
3061
2579
2715
2877
2759
2717
2818
2688
2945
2729
2527
3057
2789
3134
3423
4008
4633
3960
3924
4336
3837
4087
4334
4095
3897
4059
4591
4685
4911
4478
4832
4532
4157
3650
4211
3906
3454
3676
3248
3004
3074
2777
2999
2501
2258
2764
2289
1958
2173
1694
1638
802
1152
934
1005
976
864
891
719
677
452
336
332
340
324
324
404
484
561
881
1024
1197
1392
1821
1711
1983
1969
2172
2462
2950
2930
3063
2901
3325
3084
3451
3756
3292
3374
3192
3441
3625
3930
4246
3261
4040
3660
3492
4004
3538
3324
3962
3390
3163
3584
3843
3251
3688
3224
3605
4064
3832
3872
3440
3335
3659
3611
3565
3722
3276
3487
3532
3073
3742
3123
3047
3333
3256
3204
3557
3316
3200
3122
3072
3124
2790
3512
2742
3390
2834
2923
3152
3225
3421
3215
3406
3354
2996
3233
2967
3065
2853
3130
3492
2908
3356
2972
3276
3441
3089
2937
2793
2829
2762
2851
2695
2566
3087
2976
2933
3110
2695
3859
3432
2995
2814
2522
2556
2400
2701
2683
2294
2624
2381
1736
1691
1453
1489
1532
1139
1091
1068
893
826
671
773
677
479
620
543
507
402
263
558
362
364
503
623
821
726
791
1024
1041
1480
1795
1675
2140
1873
2199
2782
2689
2632
3165
3054
3114
3302
3177
3448
4568
3129
3802
3338
4266
4700
3995
4520
3836
5385
4796
4091
4735
3910
3134
2755
2882
2753
3553
3704
3532
2982
3340
3251
3745
3320
3720
3351
3907
3378
2860
3168
3842
3561
3306
3984
4108
5163
4731
4058
3671
4356
4900
4422
4247
3736
4164
2482
2594
2784
2938
3303
3326
3190
3028
3112
3216
3093
2791
3082
3061
3630
2771
3571
3428
2991
3442
3684
3468
3182
2926
3490
3968
3475
2782
3538
3375
3583
3548
2980
3239
3155
3282
3388
3141
2713
2884
2972
3286
2731
3173
3308
3191
2976
2898
2892
2521
2359
2792
2467
2006
1776
1843
1675
1397
1153
895
886
932
740
772
629
607
509
529
538
493
518
604
435
611
497
555
415
480
592
772
1096
1363
1474
1389
1441
1378
1645
2419
2225
2359
2352
2750
2557
2446
2847
2892
3158
3243
4034
3491
3243
3757
3508
3784
3417
3576
3905
3215
3427
3343
3256
3362
3126
3525
3856
3429
3291
3003
2951
3314
3838
3241
3635
3371
3649
2745
2383
2772
2541
2474
2887
2425
2049
2234
1881
2117
1967
2182
2653
2461
2374
2348
2553
2687
2699
2540
2719
2558
2339
2582
2929
2708
2924
2727
2393
2866
2736
2781
2511
2661
2491
2284
1908
2469
2629
2719
2452
3023
2784
2998
3072
2514
2754
3323
3515
2969
3750
2925
3257
3068
3459
3413
2930
2832
3513
2861
2925
2844
2812
2793
2328
2231
2498
1985
1973
1649
1478
1401
1107
1143
1008
929
894
689
631
597
527
558
480
498
416
440
385
405
569
469
622
711
668
771
514
1027
798
1044
1028
981
1288
1284
1565
1436
1539
1648
1834
1916
1853
1891
1951
2275
2547
2388
2432
2862
2667
2932
3230
2979
2544
2927
3088
3228
3237
3054
2803
3143
3141
2706
3014
2680
2629
3039
2920
3130
2940
2803
2864
2995
2657
2935
2971
3143
2755
3102
3127
2395
2422
2285
2663
2366
2689
2465
2591
2628
2745
3136
2216
2651
2871
2944
3108
2963
2926
3201
3327
3230
3462
3317
3491
3962
3442
3297
3164
3310
3011
3514
3068
3750
3382
3882
3836
3988
4011
3473
3357
3717
3458
3818
3805
3282
3650
3696
3620
3116
2892
3144
2976
3177
2720
2956
2772
2470
2154
1964
2116
1694
1489
1513
1243
391
799
645
502
430
456
354
395
624
358
344
376
247
430
322
364
462
550
713
577
1110
1313
1759
1716
2095
3346
2623
2433
2661
3003
3032
3104
2881
2885
3433
3339
3747
3591
4156
4235
3211
3605
3763
3883
3495
3415
3959
4181
4372
3948
3883
3677
3712
3576
4393
4081
4084
6451
6446
5858
5628
5485
5294
4879
4449
4795
5091
5118
4407
4178
3943
4277
4015
3941
3823
3981
4157
3742
3792
3692
3655
3463
3737
3716
3110
3273
3174
3002
3225
2973
3112
1913
2925
3374
3937
3931
3575
3713
3654
3347
3267
3549
3567
6360
4430
3973
3688
3487
4088
3388
3755
3653
3662
3666
3996
4116
3948
3812
4347
3843
3995
3878
3910
3376
3332
3587
3228
3172
3105
2599
2397
2329
2188
1777
1964
2198
1552
1220
654
410
198
374
595
578
482
373
378
440
331
414
426
284
375
376
364
599
699
664
1024
623
1648
8266
1926
1983
2483
2674
2985
2659
2679
2998
3074
2726
3327
3298
3541
2980
3498
3817
3513
3279
4023
3312
3628
3660
3549
3610
4040
3800
3514
3600
3262
3746
3815
3600
3881
3488
2962
3991
3672
4071
3639
2985
3466
3594
2982
3101
3325
3013
4135
3566
3589
3285
3559
3239
3487
2869
3344
3446
3108
3047
3643
2720
3256
2709
2621
2973
2927
2909
3274
3153
3260
2893
2967
2848
2799
3101
3212
3012
3149
2992
3243
2978
3055
3114
3259
3489
3128
4095
4415
3803
4152
3754
3888
4161
4221
3845
4291
4140
4175
4268
4314
3652
3982
3809
3222
4019
3595
3157
3091
3338
3071
2336
2306
2202
2126
2176
1608
1226
711
563
662
491
344
399
584
489
316
483
395
550
422
260
351
446
464
465
605
2460
788
884
1559
1558
1944
1830
2213
1898
2268
2675
2530
2864
3407
3269
2937
3365
2646
2576
2809
2394
2008
1793
2015
2051
1785
1085
1233
383
349
184
386
1230
1504
2134
2172
2891
2785
2798
2469
2630
2619
2746
2344
2951
3290
2518
2857
3377
3025
2768
2774
2482
3218
3252
2698
2527
2790
2559
3113
3230
2926
2957
2820
2657
2501
2243
2640
2358
2508
2685
2526
1848
2198
1730
1449
1170
1204
587
707
529
557
596
860
1931
2211
2015
372
345
457
332
490
517
990
799
682
2487
1196
1685
1826
1889
2278
2476
2549
2704
3199
3365
3321
2991
3457
3124
3200
4006
3535
3410
3328
3552
3140
3402
3941
3733
3570
3515
3706
3342
3832
3774
3173
3224
3792
3343
3716
3717
3913
3393
3848
3939
3773
4225
4037
3466
3429
3430
3520
3575
2987
2308
3506
2764
3047
2812
2886
2683
2721
2708
2313
2533
2146
2685
2616
2494
2431
2615
2390
2965
2760
2850
2714
2690
2443
2654
2482
2502
2314
2168
2553
2259
2092
2923
2276
2378
2574
2827
2135
2470
2502
2447
2402
2795
2290
2414
2646
2252
2950
2411
2173
2444
2489
2209
2062
2252
2198
1675
1568
1401
1388
1272
902
639
619
495
553
803
389
540
298
279
398
387
362
387
378
546
1337
1228
1116
974
1260
1559
1716
2358
2623
2305
2644
2497
1958
2339
2305
2568
2364
2590
2779
2648
2994
3154
3086
2840
3131
3258
2877
2807
2647
3110
2808
3026
2771
1810
2864
2983
2708
2929
2783
2162
2294
1827
1595
2278
2771
2765
2295
2848
2125
2395
2388
2349
2130
2234
2599
2718
2573
2709
2352
2240
2873
2319
2318
2214
2383
1904
2127
1846
2027
2021
1977
2118
2300
2220
2361
2305
4277
2866
2238
2526
2387
2457
2496
2346
2508
2134
2562
2927
1846
1597
1659
1474
1268
1296
1529
1184
1225
1174
1366
1246
1340
1186
995
784
749
788
688
599
616
643
283
316
225
144
290
400
203
83
249
153
140
325
131
266
383
608
520
710
564
746
950
1028
1503
1194
1536
1938
1613
1395
1916
1772
1446
1650
1706
1760
1476
2048
2136
1885
1972
1835
2049
2159
2410
2484
2497
2600
1763
2535
2113
2127
2179
1945
2061
2380
2386
2528
2325
2392
2247
2080
2252
1941
2096
1958
2564
2225
2347
1863
1887
1846
2135
1550
2309
2268
2262
1983
1892
1829
2964
2653
2533
2715
2781
2193
2440
2563
2305
2085
2282
2431
2989
2663
2230
2885
2680
2378
2385
2719
2772
1938
2178
2593
2122
2587
2093
1962
2265
1705
1912
1740
1788
1721
1571
1494
1040
1277
1224
795
880
796
823
619
566
456
314
373
354
229
372
565
326
428
743
536
667
649
959
1182
1650
1747
2191
4010
1853
2309
2320
2872
2645
2618
2438
3064
3183
3036
3058
3493
2092
3545
3904
3847
4175
3674
3756
3907
4192
3264
3689
3304
3763
3412
3559
3335
3265
3631
3615
3914
3996
5830
3507
3407
4022
3246
3667
3031
3578
4004
3412
3401
4705
2908
3301
2694
2652
2796
2494
2565
2721
2651
2258
2076
2327
2408
2347
2516
2329
1883
2382
2585
2914
2915
2440
2498
2507
2553
2489
2513
2732
2834
2344
2893
2732
2576
2875
3756
3237
2890
2850
3033
3262
3018
2802
2898
2393
2189
2653
2220
2204
2309
2173
1969
1749
1631
1465
1318
1604
1316
1339
1021
1057
735
733
702
467
561
367
567
237
309
244
357
367
421
405
353
498
629
939
3483
1270
1374
1574
1604
1939
1765
2319
2516
2600
2714
2744
2963
2697
2950
3297
3738
3010
3100
3639
3461
3225
3665
3924
3775
3494
3430
3857
3357
3467
3608
3206
3355
3347
3268
3704
3354
3944
3550
3928
3493
3554
3855
3289
3636
3770
3013
2932
3232
3312
3179
3525
3211
3254
3489
3275
3276
2860
2697
3151
2620
2665
2620
2516
2288
2278
2171
2164
2411
2152
2253
2513
2350
2544
2922
2878
2382
2365
2296
2312
2540
2641
2830
2571
2797
2731
2575
2675
2733
2638
2747
2746
3431
3283
3196
3177
2967
2611
2652
2308
2169
1985
2057
1617
1481
1427
1250
1119
1221
1152
1088
831
847
490
424
425
569
433
362
377
274
283
340
393
212
530
448
387
606
714
752
907
1835
1689
3086
1781
2096
2427
2239
2376
2765
2506
2802
3222
2612
4811
2940
3268
3047
3690
3168
3571
3554
3729
3557
4116
4568
3733
3227
3029
3504
2838
2783
3375
3265
3498
3515
3729
3562
3932
3642
3839
3685
4352
3796
3949
3221
3088
3019
4235
3629
3131
3241
3117
3044
3151
2519
3011
2977
2974
2735
2672
2609
2996
3088
2593
2927
2865
2531
2638
2996
2802
2758
2888
2652
3095
2629
2840
3031
2754
3011
2694
2489
2977
2771
2658
3034
2597
2917
3408
3167
3019
2894
3113
2745
2861
3203
2725
2362
2356
2093
2229
2108
1781
1563
1602
1341
1634
1285
1006
880
922
799
638
647
611
382
562
445
298
452
418
342
395
372
407
637
671
683
761
1134
2993
1643
2061
2087
1990
2582
2793
3026
3296
3207
2986
3621
3669
3643
3054
3160
3379
3392
4150
3057
3699
3550
3460
3910
3691
3638
4182
3389
4214
3445
3480
3940
3655
3380
3255
3689
3418
3785
3647
3275
2605
3389
3281
3164
3304
2769
3280
2778
3083
3418
3403
2706
2993
3021
3140
3008
2827
2798
3159
2607
2638
2799
2949
2532
2669
2522
2520
2764
2484
2941
2625
2438
3288
3200
2743
2836
3010
2771
2300
2069
3465
2838
2814
2590
3136
3016
3113
3010
2862
3395
3082
2696
2726
2739
2333
2764
2591
2097
2226
2077
2001
1782
1631
1346
1465
1171
1398
1088
1148
1048
990
739
539
482
603
660
505
450
418
468
350
422
360
479
503
575
570
587
919
950
1488
1646
1871
1755
2234
2179
2767
2557
2339
2506
2460
3239
3528
3239
3140
3184
3078
3472
3704
3258
3553
3163
3518
3474
3467
3643
3596
3038
3448
3838
3461
3382
3358
3788
3252
3817
3745
3672
3916
3971
3867
3844
3473
3760
3727
3276
3727
3685
3173
3086
3228
3003
3324
2711
3077
3280
3275
2892
3002
2847
2641
3315
2680
2110
2265
2827
2438
2137
2862
3055
3031
2653
2615
2350
2944
2547
2453
2421
2312
2248
2375
2115
2392
2536
2360
2380
2391
2645
2538
2855
2736
2883
2651
2833
2632
2244
2518
2615
2621
2074
2040
1961
1988
1768
1541
1467
1265
1090
946
1012
732
825
764
516
537
510
402
542
492
306
291
272
428
398
730
715
643
931
771
1423
1495
1782
1609
1678
2195
2219
2211
2471
2558
2477
2864
2801
2672
2485
2775
2808
2672
2908
3294
3346
3105
3484
3061
3003
2935
3244
2670
3050
2752
2820
2837
3101
2459
2605
2705
2382
2026
2293
2352
2459
2145
1840
2334
2155
1925
1681
2198
1983
1924
2145
2009
2159
2176
1563
1877
1684
1851
2234
2125
1946
1609
1971
2111
2172
2065
2332
2331
2108
2286
2306
2280
2287
2051
2546
2050
2559
2278
2232
2611
2604
2498
2289
2524
2136
2098
2044
2420
2212
2366
2599
1988
1855
1877
1953
1774
1811
1929
1693
1442
1027
1325
1040
1044
1068
879
734
544
594
607
447
480
377
556
421
529
422
359
293
643
693
489
590
670
642
871
986
879
1041
984
1158
1209
1341
1666
1607
1683
1793
1584
1858
2134
1969
1706
1851
2042
2101
2168
2018
1984
1907
2214
2251
2171
2247
2563
2262
1966
2031
2337
2342
1957
1937
1875
1889
2007
2224
2326
2176
2315
1916
1911
1773
2130
2090
2101
1907
1939
2246
2136
2193
2266
2152
2167
2079
2251
2462
2267
2677
2137
2258
2372
2571
2463
2618
2639
2351
2697
2318
2844
2874
2895
2406
2840
2640
3049
2697
2461
2685
2645
2711
2881
2497
2801
2430
1938
2170
2407
2241
2233
2243
1970
1857
1822
1298
1066
1186
1017
733
613
622
530
423
448
403
499
596
379
307
353
410
314
479
354
599
695
901
1329
1275
1603
1982
2217
2858
2703
3260
2741
2729
3952
4358
4055
6100
8260
6055
6839
6959
5220
8638
9439
5305
6680
3432
4298
4401
4413
4342
4063
4418
4310
3557
3479
3586
3752
4346
4208
4129
4057
3282
3882
3240
3362
3906
3900
3574
3713
3760
3564
3058
3495
3591
3321
3143
2803
3197
2857
3094
2754
3011
2901
2740
2498
2419
2893
2807
2811
2824
2451
2407
2484
2769
2912
2685
2780
2539
2307
2464
2688
2247
2651
2676
2947
2692
2383
2608
2650
3007
2518
3011
2988
3162
2908
2852
2579
2444
2738
2566
2337
2302
2109
2148
1943
1569
1277
1065
1212
1126
845
782
519
670
637
562
548
430
531
478
501
447
396
310
326
324
377
425
606
754
656
1130
1204
3277
1152
2399
2384
2504
2404
2851
3214
2714
2882
3398
3088
3704
4865
3381
3314
3673
3707
3845
4043
3821
3961
4012
3604
3815
3845
4347
3957
3383
3244
3644
3746
4145
3375
3158
4073
4138
3808
3817
3371
3621
3715
3711
3309
2982
3611
3262
3445
3672
3646
3423
3238
2467
3525
2969
2908
3086
2416
2918
2346
2975
2662
2380
2600
2365
2006
2451
2253
2409
2255
2502
2507
2796
2473
2078
2702
2485
2824
2594
1989
2496
2848
2703
2512
3059
3055
3002
2958
3182
3114
3441
2951
2919
2881
2723
2489
2573
2285
2515
2098
2293
1648
2051
1790
1288
1247
1141
844
884
793
634
508
667
596
548
509
394
457
372
275
256
308
346
415
340
629
378
504
814
844
2673
1505
1693
1738
1972
2540
2940
2474
2550
3134
3426
3052
3039
3118
3205
3129
2730
3442
3628
3141
3582
3933
3609
3591
3811
5613
3994
3952
3864
3345
3274
3609
3618
3554
5087
3382
3860
3942
3896
3324
3315
3116
2625
2716
3391
3359
3251
3079
2979
3375
2785
2765
2694
3088
2231
2514
2523
2156
2533
2621
2393
2151
2344
2214
2210
1855
1818
1817
2093
2765
2628
2306
2116
2079
1893
2134
2343
2562
2455
2751
2262
2616
2454
2637
2753
2765
2380
2540
2186
2303
2167
2118
1954
1897
1807
