277
159
356
748
484
897
995
918
877
838
898
1122
1233
956
993
1247
977
1313
1185
1318
1318
1019
1001
1180
898
891
802
709
859
996
847
582
769
770
535
607
442
386
317
455
365
334
334
249
298
291
331
159
235
231
205
174
224
210
145
200
213
248
196
147
246
209
267
104
135
158
195
134
195
316
201
354
310
398
401
126
475
475
680
874
857
681
1006
1048
1236
779
1317
1303
1080
1177
1152
1163
1328
1329
1649
1194
1448
1589
1406
1332
1364
1263
1736
1751
1690
1614
1647
1914
1423
1727
1515
1981
1664
1661
1962
1691
1919
1592
2253
1677
1817
2036
1715
1612
2078
1830
1781
1973
2059
1545
1527
1575
1631
1871
1666
1646
1494
1788
1671
1773
1511
1482
1888
1921
1993
1301
1502
1546
1757
1870
503
1392
2156
1864
1862
1468
1455
1620
2076
1656
1427
1625
1560
1692
1576
1480
1614
1743
1586
2023
1861
1589
1770
1585
1715
1340
1272
1340
1717
1472
1563
892
1261
1232
1386
1317
381
179
418
577
1579
834
1369
1083
1536
1377
1201
749
1338
1599
1443
1410
1474
1570
1483
1622
1458
1427
1516
1661
1318
1550
1379
582
1709
1815
1658
1562
1626
1630
1545
1957
2013
1825
1603
1758
1288
1490
1689
1681
557
1588
2109
1783
1527
1513
1742
1484
1806
1902
1701
1668
1490
1672
1536
707
1706
1527
1202
1378
1632
1620
1476
1348
1138
1312
1429
1269
1403
1421
1416
1441
1464
1272
1375
1522
1560
1431
1384
1275
1448
1391
1371
1319
1392
1001
1039
1049
1199
1282
1057
779
959
963
1024
935
750
805
848
689
703
670
530
627
494
644
570
442
569
410
565
361
450
341
315
360
209
322
261
279
255
311
210
278
158
158
137
274
330
222
105
232
254
221
231
196
159
154
136
246
316
208
334
321
307
325
416
363
483
509
529
678
674
688
836
714
852
955
964
1067
1156
1154
964
1478
1280
1220
1212
1454
187
2065
1348
1471
1604
1638
1779
1514
1485
1607
1763
1652
1611
1902
1675
1717
1611
1790
1650
1851
1776
1827
1903
1743
1521
1995
1780
2159
1918
1747
1956
2035
1889
1688
1872
1973
1729
1810
2092
1789
2078
1746
1962
1915
1887
1816
1446
1645
1803
2262
1654
2259
490
42
35
1606
1994
2069
1932
2067
1777
1725
1924
2092
1474
1648
1667
1612
1729
1521
1584
1729
1526
1687
1565
1702
1527
1634
1698
1805
1832
1410
1639
1494
1365
1497
1561
1688
1338
1509
1535
1463
1746
1332
1325
1403
1352
1425
1198
1509
1423
1246
1701
1418
1224
1424
1678
1399
1425
1268
1389
1302
1455
1746
1232
1410
1793
1465
1227
1360
1515
1603
1581
1452
1545
1288
1506
1605
1443
1366
1317
1209
1492
1368
1587
1251
1286
1668
1184
1286
1463
1354
1478
1639
1682
1463
1711
1493
1317
1612
1643
1563
1684
1576
1442
1530
1323
1799
1685
1248
1238
1342
1584
1293
664
1455
1473
1883
1749
1382
1542
1585
1322
1637
1351
1278
1382
1137
1349
1479
1415
1501
1295
1178
1092
983
1023
1054
988
1128
982
982
858
839
673
762
688
736
639
734
595
534
611
490
593
397
388
469
372
358
377
347
362
331
351
228
177
58
84
327
139
186
211
109
111
321
206
156
199
242
106
177
194
175
347
303
177
256
239
386
319
401
558
451
503
633
638
766
813
635
766
1018
754
964
843
745
766
980
986
1330
688
1148
1307
1067
1189
1169
1232
1486
1275
1274
1369
1340
1411
1471
1469
1583
1408
1672
1582
1666
1761
1505
1563
1711
1792
1400
1664
1798
1793
1853
1517
1512
1495
2115
1653
1691
1154
926
941
1776
1780
1747
1684
1517
1472
1654
1552
1652
1482
1432
1408
1492
1284
1246
1443
1361
1411
1467
1413
1206
1456
1064
1128
1158
1336
1376
1276
1052
1528
1673
1285
1200
1310
1114
1510
1082
1228
1229
1088
1158
1226
1035
1099
1238
1488
1405
1398
1195
1107
1110
976
999
1082
1259
1360
1073
1336
1397
1175
1280
1481
1295
1451
1224
1174
1147
1260
1232
1286
1569
1089
1281
1186
1329
1584
1398
1360
1353
1605
1444
1263
1769
1352
1196
1542
1380
1549
1493
1252
1253
1341
1352
1392
1547
1364
1323
1234
1547
1583
1454
1464
1473
1276
1143
1432
1271
1411
1359
1311
1461
1519
1297
1342
1414
1341
1348
1783
1666
1519
1612
1565
1344
1180
1753
1748
1368
1509
1240
1515
1490
975
1459
1226
1274
1106
1129
1186
1014
1275
1360
1066
1385
1260
1168
1350
945
1138
1243
1342
1032
966
1365
1043
1221
925
951
656
717
590
761
656
643
731
596
566
607
635
602
578
553
587
440
442
363
596
401
406
205
301
188
286
259
195
219
225
208
242
215
270
248
220
154
167
217
177
225
218
249
140
168
221
185
197
279
430
501
148
337
438
403
643
435
597
332
603
506
486
545
401
667
691
616
802
624
694
815
687
539
687
725
773
833
1214
1058
943
942
1187
901
879
1231
1224
1299
1135
1111
538
1617
1187
1263
1234
1206
1034
1340
1414
1270
1338
1101
1292
1082
1425
1159
1036
1227
945
1144
1064
1400
1092
1206
1263
1317
1156
1496
1193
1300
1227
1043
1079
1343
1347
1377
1183
1123
1374
1079
1348
1222
1364
1232
1316
1324
1402
1142
1039
1385
1339
1166
1510
1035
1247
1097
1013
1161
1142
1060
884
1119
880
1141
859
1164
1429
1300
1219
941
1141
1112
1219
1099
978
1186
1175
1282
997
1042
1170
1220
1003
1328
1314
1150
1055
1281
1270
1382
1397
1216
1283
1279
1353
1066
1209
1513
1571
1401
1472
1600
1460
1524
1571
1669
1670
1442
1680
1379
1502
1692
1462
1709
1279
1458
1554
1608
1448
1697
1440
1679
1470
1471
1845
1684
1495
1618
1727
1558
1552
1589
1495
1779
1610
1473
1455
1394
1522
1681
2247
1720
1542
1750
1678
1773
1320
1582
1398
1527
1313
1375
1275
1340
1281
1153
1089
1176
1345
1393
1067
1071
1185
1041
860
1166
944
847
856
862
915
728
820
803
604
718
736
711
543
662
550
585
459
467
420
481
423
375
432
320
233
239
198
250
157
237
205
252
187
236
147
129
155
182
142
135
210
140
127
234
202
189
342
162
290
256
182
403
385
432
373
372
528
542
600
863
1033
827
1030
950
1179
1232
1109
1146
1113
1247
1461
1545
1393
1439
1814
1824
1861
1793
1830
1756
1341
2058
1906
1995
2132
1495
2244
2014
2267
2299
2020
1915
2417
2154
2141
2234
2044
1764
2305
2136
1946
1987
2149
2121
2013
2202
2099
2616
1675
1855
1943
2174
2495
2024
2370
2429
1859
2275
2103
2012
1883
2192
2004
1785
2375
1874
2133
2052
2437
2170
1759
2454
2294
2157
1981
2284
1929
1655
2024
2078
1652
1827
1728
1792
1854
1827
1826
1800
2226
1609
2251
2070
1867
2146
1796
1424
1530
1784
2433
2116
1971
2112
1958
2724
1967
1706
1968
2180
2087
1957
1682
1598
1672
1723
1555
1727
1422
1652
1583
1635
1488
1784
1489
1469
1247
1408
1533
1414
1587
1593
1553
1541
1597
1621
1537
1371
1509
1604
1442
1307
1567
1835
1596
1699
1371
1202
1550
1648
1520
1529
1543
1457
1535
1694
1453
1460
1506
1228
1234
1499
1453
1428
1393
1327
1143
1249
1613
1449
1285
1185
1558
1388
1380
1503
1750
1696
1900
1582
1440
1308
1500
1424
1447
1639
1433
1562
1541
1421
1459
1250
1285
1378
1480
1285
1422
1345
1679
1384
1439
1313
1294
1116
1252
1189
1388
1101
964
1185
1208
921
1044
959
805
869
987
723
646
662
828
633
597
501
461
740
577
437
505
396
434
467
345
289
286
231
240
254
350
199
146
212
134
173
166
189
308
156
161
177
263
140
184
173
107
144
175
200
238
265
282
275
229
293
306
373
558
917
485
408
804
709
969
917
943
705
816
865
1085
1199
1299
1156
1255
709
1323
1725
1372
1490
1535
1385
1807
1464
1925
1953
1843
1516
1637
1643
1823
1749
1733
1938
1804
1571
1948
1968
1907
2223
1624
2222
1642
2138
1660
1729
2150
1854
1971
2119
2055
1950
2066
1890
1652
1803
2157
1844
1875
1498
1665
1542
1870
1632
1485
1716
1934
1815
1757
1583
1820
1764
2279
2040
1945
1916
2187
1955
1990
1729
2030
2148
1719
2076
1972
1588
2073
1920
1866
1944
1939
1708
2000
2024
2152
1852
1522
1721
1644
1724
2035
1412
1943
1708
1674
1773
1884
1563
1990
1440
1487
1563
1779
1586
1890
1874
1836
1833
1737
1429
1630
1233
1757
1755
1371
1354
1246
1296
1348
1613
1153
1394
1412
1768
1501
1528
1469
1357
1448
1432
1469
1642
1797
1557
1445
1512
1530
1674
1315
1345
1807
1723
1592
1372
1558
1455
1605
1652
1322
1693
2041
1830
1513
1789
1827
1774
1710
1854
1781
1535
1494
1567
1644
1779
1802
1579
1876
1593
1609
1874
1878
1720
1885
1932
1675
1821
1826
1802
1873
1461
1536
1898
1942
1877
2198
2147
2023
1847
1979
1832
1902
1982
1656
1580
1681
1388
1500
1444
1424
1447
1412
1335
1385
1363
1487
1245
1201
1148
995
958
895
943
913
759
741
778
760
757
596
737
593
536
407
492
450
504
442
411
484
365
368
336
319
403
252
292
289
261
253
185
195
175
327
267
206
255
349
93
129
183
317
226
147
173
223
186
201
323
196
234
342
204
377
354
310
431
427
641
617
626
796
702
1175
872
1076
970
984
1082
1031
1223
1114
1356
1158
1279
1182
1409
1324
1455
1328
1372
1626
1788
1594
1613
1663
1526
1649
1692
1710
1737
1858
1654
1763
1659
1876
1657
1522
1573
1871
1906
1566
1993
2089
1793
1882
2149
2007
1864
1746
1821
1748
1992
1940
1813
1492
2005
1932
1887
2069
1893
1826
1820
1947
2207
2258
1615
1487
1929
2205
1564
1776
1848
2282
2153
2065
1798
1874
1948
1734
2076
1920
373
1917
1985
1630
1793
1658
1642
1380
1880
1583
1563
1443
1402
1869
1705
1492
1948
2030
1515
1524
1679
1659
1349
1422
1351
1505
1573
1529
1694
1445
1731
1750
1634
1509
1361
1554
1433
1418
1242
1423
1321
1584
1488
1592
1282
1416
1506
1361
1529
1292
1686
1263
1528
1431
1379
1478
1226
1209
1495
1465
1392
1368
1370
1534
1171
1392
1458
1416
1309
1532
1107
1384
1188
1578
1317
1589
1297
1496
1312
1292
1212
1513
1705
1563
1603
1401
1564
1528
1778
1612
1719
1522
1463
1511
1400
1379
1804
1537
1479
1637
1612
1471
1487
1393
1417
1313
1255
1712
1446
1603
1481
1504
1735
1457
1390
1564
1185
1339
1098
1336
1179
1108
1189
1075
997
1084
1063
987
890
856
815
800
782
1146
676
801
734
675
537
685
531
651
473
696
426
416
494
319
246
297
421
251
369
258
277
295
189
209
140
261
274
261
247
180
163
103
178
129
163
90
116
235
223
106
160
184
227
208
309
248
284
266
239
356
360
669
488
554
648
746
758
879
884
734
958
817
1035
1268
1173
942
1189
1060
1723
1589
1137
1131
1157
1200
1193
1495
1390
1580
1581
1539
1413
1310
1475
1618
1591
1327
1634
1915
1846
1762
746
1642
1807
1720
1822
1821
2001
1773
1812
1999
1802
1980
1820
1982
1910
1753
1707
1479
1617
1837
1718
1391
1626
1624
2639
1683
2141
1541
2023
1726
1818
1822
1773
1597
1819
1790
1934
1997
1800
1981
1827
1951
2251
1771
1651
1769
1434
1694
1506
1620
1460
1445
1296
1473
1613
1360
1538
1823
1881
1773
1387
1526
1876
1596
1669
1423
1527
1549
1424
1316
1417
1337
1554
1519
1233
1250
977
1330
1502
1249
1054
1160
1067
1074
1269
968
1219
1318
1098
1230
1184
965
1468
1119
1392
1359
1149
1267
1142
1056
1142
1360
1421
1115
1263
1189
1232
1285
1359
1281
1176
1183
1138
954
1211
1330
1282
1032
1245
1121
1300
1345
996
1552
1181
1594
1181
1249
1327
1309
1784
1368
1488
1554
1556
1323
1406
1527
1390
1355
1499
1317
1639
1256
1343
1533
1276
1190
1862
1545
1291
1664
1696
1344
1239
1263
1298
1435
1349
1178
1216
1145
1044
1236
1135
1051
772
1190
841
911
944
837
884
781
863
671
627
598
603
563
577
524
581
642
490
498
376
424
220
469
365
250
262
251
204
239
250
174
257
160
135
157
312
137
156
138
131
128
145
123
129
99
110
192
181
342
235
330
276
372
418
344
484
703
720
790
780
874
800
888
1275
1015
1152
930
1343
1085
1170
1294
1409
1479
1246
1345
1354
1384
1417
1166
1531
1477
1459
1461
1868
1508
1572
1768
1705
1542
1723
1732
1388
1685
1468
1936
1679
1834
1712
2192
1791
1693
1874
1791
2185
1571
1914
1790
2109
1669
2149
1910
1953
1651
1714
1433
1698
1452
1416
1650
1617
1596
1488
1803
1436
1818
1932
1842
1922
1638
2016
1990
1608
1875
2003
1817
1604
1891
1724
1963
1395
2045
1790
1662
1712
1843
1848
1599
1458
1456
1392
1614
1312
1408
1425
1623
1670
1235
1439
1332
1430
1363
1397
1544
1432
1389
1187
1250
1509
1321
1352
1082
1377
1121
1578
1116
1402
1356
1323
1194
1128
1168
1414
1023
1197
1467
1117
1290
1191
1320
1231
1326
1186
1542
1512
1474
1280
1305
1497
1227
1512
1561
1621
1735
1631
1429
1491
1288
1731
1564
1355
1116
1411
1450
1344
1415
1510
1372
1694
1326
1230
1177
1273
1433
1270
2359
1621
1500
1521
1523
1393
1627
1432
1312
1533
2104
1550
1592
2000
1772
1738
1682
1657
1657
1669
1891
1908
1584
1965
1574
1854
2057
1762
1794
2037
1946
1609
1981
1665
1647
1616
1617
1727
1399
1941
1642
1847
1946
1625
1469
1333
1365
1334
1295
1182
1243
1142
1179
1262
1237
1168
998
987
1031
704
658
740
782
647
522
708
606
699
607
489
468
451
479
445
432
378
422
533
370
315
205
141
239
199
164
144
265
185
77
185
107
108
234
110
258
142
115
163
156
174
172
203
273
395
219
410
300
344
408
446
492
474
780
587
698
702
620
812
897
857
932
1104
1162
1048
1069
1306
1148
1198
1169
1411
1257
1376
1253
1530
1376
1243
1427
1462
358
2022
1955
1784
1607
1760
2027
1956
1866
1885
2008
2265
1706
1689
1330
1502
1781
1492
1460
1635
1285
1393
1587
1533
1313
1737
1291
1442
1511
1425
1684
1299
1516
1559
1715
1672
1671
1739
1731
1526
1883
1632
1357
1541
1573
1448
1803
1419
1679
1277
1497
1510
1815
1589
1539
1529
1599
1555
1720
1604
1847
1756
1519
1808
1841
1613
1650
1729
1619
1723
1551
1357
1481
1674
1624
1687
1649
1480
1719
1237
1403
1471
1486
1412
1472
1580
1485
1650
1878
1667
1360
1654
1684
1800
1546
1442
1731
1649
1634
1326
1375
1609
1492
1697
1511
1664
1737
1521
1447
1669
1466
1498
1666
1773
1800
1917
1611
1791
1891
1765
1682
1717
1793
1748
2002
1928
1961
1839
2276
2237
2353
2016
2128
1980
1988
1803
2079
1911
1974
1602
1679
1667
1886
1810
1224
1936
1922
1827
1730
1939
1866
1896
1812
2291
1930
1911
2105
2249
2059
2166
1722
1880
2188
2204
1877
2074
2206
2101
2150
1631
1854
1945
2019
1631
1871
1704
1979
1519
1437
1565
1534
1378
1396
1511
1435
1660
1466
1546
1344
1353
1543
1537
1518
1302
1606
1248
1201
1295
741
1022
752
715
558
820
688
771
725
881
626
635
896
580
505
533
463
372
523
542
475
509
517
381
284
380
402
334
356
419
292
235
127
223
203
220
171
234
177
204
240
229
158
182
138
96
105
222
183
174
263
239
196
237
280
243
259
288
304
418
375
441
417
525
457
488
487
513
463
604
535
570
617
655
675
975
964
1015
1113
789
907
1039
1070
916
1002
1231
1065
1022
1160
1399
1430
1078
1183
1283
1614
1379
1497
1228
1452
1423
1452
1234
1487
1207
949
1135
1108
1167
1097
1193
1227
1222
1333
1205
1105
1006
1311
1530
1261
1380
1272
1549
1535
1299
1396
1350
1580
1437
1240
1438
1293
1308
1212
1473
1573
1489
1590
1721
1545
1606
1637
1683
1823
1509
1731
1455
1578
1562
1747
1415
1468
1552
1520
1593
1538
1316
1242
1398
1418
1602
1517
1317
1202
1454
1182
1378
1509
1724
1435
1404
1307
1394
1560
1528
1709
1602
1341
1407
1573
1806
1608
1627
1369
1907
1530
1371
1819
1514
1464
1569
1724
1588
1809
1634
1770
1740
1941
1585
1990
1851
1756
1731
1711
1915
1872
1842
1827
1791
1931
1853
1866
1889
2026
1714
1784
1919
1944
2042
2002
1919
2042
1933
1665
1737
1901
1970
1956
1925
1879
2212
2208
1776
2102
2340
1983
2195
2382
2333
2637
2130
2298
2061
1694
2069
1875
1855
1710
1686
1159
1743
2117
2241
2166
2221
1145
2146
1823
2066
2185
1695
1915
1693
1854
2169
1980
1906
1916
1697
1825
1520
1639
1468
1156
977
564
557
880
1375
1472
1450
999
979
919
827
918
1077
765
900
871
1022
800
600
624
762
702
515
474
626
490
479
411
424
345
346
413
356
309
250
325
299
310
242
179
237
257
233
373
134
240
160
229
293
174
179
196
200
282
215
246
238
248
386
385
396
392
387
516
567
458
696
636
631
689
772
851
1036
864
835
1090
1042
847
1032
924
1384
1040
1285
1405
1537
1145
1542
1321
1779
1669
1535
1594
1555
1465
1724
1496
1738
1747
2270
1893
1702
2027
1782
2032
1545
1864
1944
2044
1827
2058
2679
2086
2076
2743
2544
2415
2750
2622
2503
2195
2517
2283
2365
2351
2648
2861
2769
2707
2480
2943
2358
2446
2431
2238
2522
2254
2219
2416
2411
2385
2644
2701
2970
2313
2843
2583
2918
2818
2342
2287
2236
3001
3017
2649
2731
2364
3121
2404
2318
2100
2497
2383
2551
3150
2114
2231
2432
2189
2606
2398
1881
2369
2691
2107
2363
1902
2186
2511
2560
1014
2062
948
1492
2433
2728
2360
2164
1977
2184
1971
2306
2344
1862
2190
2080
2127
1660
2240
1760
1725
2193
2157
2109
1829
2221
2194
1885
2570
1972
2238
2471
2575
1941
1781
1910
1851
2210
1952
2190
2213
2464
1907
2495
1876
2230
2178
2149
2125
1871
1997
2250
2066
2101
1739
2077
1854
2310
2183
2119
2062
1832
1795
1977
1757
1724
2126
2032
2014
2093
2109
2135
1937
2200
2325
2014
2105
1958
2009
2154
2035
2026
2249
2216
2031
2011
2107
2120
2213
2154
2010
2480
2293
2159
2092
2336
2011
2218
2233
2022
2181
1953
1762
2227
1736
1838
2189
1759
1973
1955
2057
1937
1781
1668
1466
1192
1095
924
842
1062
922
466
490
792
705
581
674
769
693
467
626
647
554
490
513
548
412
289
246
440
226
335
284
276
178
246
223
242
167
204
80
145
141
188
209
258
180
164
146
192
165
186
223
261
179
237
283
176
230
336
245
359
503
312
537
340
566
382
579
435
433
536
639
737
647
678
648
677
684
655
1011
642
598
603
1009
904
813
827
844
779
786
806
1113
1381
1223
1493
1041
1287
1350
1570
1345
1535
1524
1689
1382
1416
1523
1429
1458
1259
1734
1652
1911
1470
1431
1551
1553
1684
1604
1537
2011
1868
1762
1722
1612
1813
1547
1773
1675
1793
1650
1622
1658
1839
1621
1695
1946
1770
1779
1580
1800
1633
1802
1650
1582
1777
2009
1414
1568
1510
1455
1604
1550
1624
1319
1483
1412
1436
1504
1472
1707
1317
1462
1258
1212
1371
1452
1468
1548
1690
1626
1639
1354
1578
1258
1464
1690
1542
1493
1390
1653
1467
1728
1325
1441
1657
1556
1355
1695
1601
1543
1716
1775
1601
1730
1679
1635
1594
1749
1866
1546
1693
1753
1742
1654
1756
2097
1882
1808
1938
2092
2213
1891
1825
1693
2016
1726
1926
1931
1802
1848
2363
2033
1913
2227
1947
1607
1762
1879
2011
1956
1958
1919
1856
1946
1947
1790
1874
1774
1507
1979
1753
1982
1904
2126
1804
2155
1986
1762
1983
1727
2122
2150
2253
2354
2059
1917
1978
2004
2095
2089
2109
2074
2396
2181
2066
1670
1998
1971
1888
1767
1771
1821
1633
1781
1805
1818
1513
1376
1482
1437
1669
1435
1316
1209
1285
1253
1263
1132
1272
985
981
1131
1091
979
759
711
746
750
662
857
674
655
667
544
515
521
574
467
525
458
445
489
348
444
428
280
295
196
283
255
189
220
151
223
126
170
109
114
233
197
156
197
194
158
257
246
258
248
379
511
403
471
699
648
795
751
699
714
1113
970
1047
980
1134
1350
1547
1323
1222
1311
978
1139
1356
1077
1560
1674
1655
1854
1722
1517
1314
1558
1707
1660
1442
2018
2156
1859
2222
2143
1714
2014
2152
1878
1846
1981
2203
1959
2224
2054
2313
2136
1588
2381
2176
2297
1860
2673
2326
2426
1822
1597
1954
1975
2345
2016
2274
1993
2156
1998
2019
2412
2035
1701
2239
2016
2045
2406
2125
2043
1778
1898
2568
2399
2447
2082
2191
2337
2575
2492
1949
2351
2246
2235
2716
2285
2337
2241
2175
2166
1591
2213
1935
1542
1678
1961
2110
2020
2209
1853
2255
1982
1738
2131
1414
1393
1616
1263
1864
1585
1432
1252
1507
1486
1360
1244
1254
1305
1116
1366
1471
1294
1402
1133
1232
1005
1001
1682
1379
1101
1478
1380
1335
1496
1381
1467
1292
1160
1557
1375
1443
1425
1263
1363
1582
1419
1310
1223
1304
1747
1310
1267
1522
1626
1508
1790
1633
1954
2054
2531
2102
2094
1866
1936
1988
2186
2150
2103
1734
2227
1860
2205
2129
2161
1934
1864
2033
2078
1981
2504
2087
2163
2522
2451
2460
2090
2388
2411
2421
2064
2468
1845
2312
1764
1886
2246
1965
1993
1913
1940
1514
2029
1647
1658
1590
1575
1429
1521
1553
1465
1312
1546
1453
1242
1259
1014
1244
1529
1235
1375
914
1076
882
975
1198
856
838
815
823
259
543
618
534
481
453
558
447
502
474
400
464
410
481
421
298
321
356
253
199
187
149
169
163
214
126
199
125
177
147
166
238
258
226
276
285
381
500
458
566
581
616
666
726
836
985
797
914
1157
826
887
1082
1009
1163
1163
1299
1381
1569
1458
1472
1692
1371
1579
1322
1748
1577
1616
1468
1755
1696
1934
1822
1661
1631
1499
1875
1577
1615
1563
1878
1868
1757
1951
1979
2158
2088
1478
1783
2046
1994
1783
1877
1752
1740
2037
1967
1644
1894
1472
1852
1796
2166
1631
1759
1796
1367
1893
1691
2034
1809
1591
1660
1688
2000
1565
1659
1716
1889
2026
2038
1799
2033
1867
2005
1589
1851
1604
1731
1841
1818
1738
1873
1770
1795
2032
1690
1570
1706
1911
1576
1696
1836
1608
1465
1920
1822
1798
1325
1484
1563
1684
1649
1619
1637
1643
1561
1665
1892
1893
1423
1372
1828
1587
1535
1365
1707
1691
1433
1468
1322
1624
1888
1533
1209
1636
1754
1351
1483
1491
1432
1673
1479
1690
1535
1685
1736
1603
1612
1681
1725
1712
1642
1337
1659
1463
1770
1494
1473
1505
1560
1430
1423
1402
1728
1613
1879
1386
1522
1858
1498
1476
1496
1800
1476
1683
1758
1558
1531
1366
1571
1349
1444
1174
1655
1437
1325
1501
1350
1399
1296
1353
1213
1533
1554
1289
1687
1356
1577
1563
1547
1216
1479
1752
2107
1789
1643
1453
1542
1432
1382
1311
1211
1226
1330
1128
1272
1430
1271
1410
1273
1133
1161
1381
1243
1424
957
914
822
733
958
717
736
850
639
811
721
560
579
535
556
539
529
476
417
430
396
363
308
376
397
357
320
233
246
325
295
262
281
265
242
204
198
132
131
257
301
169
193
198
166
281
222
340
283
393
428
323
403
436
355
480
544
508
533
684
796
787
1008
798
877
1018
1122
966
907
1021
1178
1159
1623
1235
1454
1407
1225
1563
1602
1452
1602
1556
1558
1510
1792
1529
1648
1547
1901
2454
2114
1760
1369
1706
2096
1715
1623
2153
2113
2411
2289
2033
1962
2210
2310
1928
1908
2735
2650
2415
2381
2099
1992
2232
2503
2050
1860
1668
1466
1307
1448
1440
1442
1161
1592
1936
1617
1833
1871
1591
1941
1510
1472
1564
1776
1688
1563
1946
1799
1465
1855
1845
1875
1834
1517
1873
2034
1641
1737
1496
1364
1288
1880
1912
1930
1758
1803
1651
1655
2030
1954
1865
2243
2580
2583
2405
2326
2132
1926
1873
1798
2039
2317
2543
2357
2260
2162
2234
2013
2037
1699
2209
1955
1310
1172
1164
1430
1275
1509
1478
1460
1643
1660
1548
1778
1533
1657
1542
1486
1627
1485
1653
1563
1632
1461
1379
1412
1683
1399
1485
1576
1748
1882
1371
1400
1796
1775
1698
1730
1515
1476
1813
1629
1820
1864
1655
1813
1646
1536
1510
1416
1763
1727
1913
2055
1596
1879
1532
1250
1701
1837
1714
1661
1817
1766
1864
1684
1656
1324
1541
1698
1416
1739
1746
1536
1690
1698
1658
1483
1204
1509
1212
1672
1488
1484
1655
1631
1351
1380
1607
1566
1753
1555
1885
1306
1251
1725
1378
1520
1349
1543
1284
1237
1303
1056
1410
1382
1259
1208
984
1022
887
889
1003
840
942
733
725
672
668
485
434
461
470
416
508
424
372
368
400
372
330
299
320
287
245
264
305
224
265
273
253
240
253
265
281
323
273
162
299
312
267
230
223
332
217
198
181
299
331
261
432
340
425
671
610
753
676
798
913
476
620
821
695
683
932
713
1296
1123
1108
1117
1202
1157
1066
1286
1380
1370
1169
1388
1269
1177
1386
1461
1424
1468
1754
1404
1579
1664
1994
2040
1699
1792
1483
1760
2013
1744
1587
1921
1890
1894
1614
1803
1777
1799
2380
1525
1590
1625
1919
1508
1727
1616
1648
1608
1564
1798
1627
1499
1816
1709
1839
2017
1904
1525
1697
1594
1574
1429
1523
1428
1706
1608
2002
1836
1569
1672
1637
1998
1633
1738
1613
2036
1506
1239
1241
1142
1329
1443
1222
1319
1252
1222
1415
1472
1254
1171
1046
1003
1239
995
904
977
1184
933
918
1049
1029
1153
1488
1165
1098
1363
1280
1094
1196
1152
1402
1151
1160
1527
1489
1210
1402
1138
1412
1307
1311
1247
1203
1136
1330
1252
1615
1314
1288
1420
1435
1489
1401
1326
1068
1325
1236
1630
1204
1532
1337
1444
1394
1117
1265
1396
1143
1348
1144
1140
1197
711
1150
1319
1375
1254
1170
1549
1226
1226
1509
1514
1232
1552
1549
1449
1539
1533
1183
1331
1263
1491
1749
1574
1835
1680
1463
1506
1964
1786
1549
1376
1675
1582
1446
1622
1655
1804
1823
1590
1486
1444
1503
1329
1759
1754
1332
1529
1530
1395
1323
1521
1362
1450
1517
1276
1016
1312
1081
1150
1197
1301
1112
873
1023
950
772
877
752
726
691
710
498
609
614
529
551
457
445
484
453
441
307
382
314
317
312
285
328
199
294
264
309
171
265
233
227
189
204
236
195
190
210
195
288
281
182
287
330
292
338
373
319
349
357
414
231
283
458
569
367
431
576
468
535
493
502
479
668
620
537
747
654
911
731
705
847
692
757
891
919
915
1016
900
883
970
937
954
1158
793
1090
1185
1150
1397
1128
1260
1028
1404
1657
1205
1205
1462
1298
1634
1784
1446
1356
1623
1310
1234
1120
1807
1451
1637
1609
1619
1536
1701
1548
1506
1417
1386
1738
1405
1788
1353
1182
1524
1619
1395
1378
1302
1281
1348
1509
1530
1426
1494
1602
1528
1404
1536
1418
1385
1460
1404
1434
1561
1200
1457
1535
1400
1498
1473
1440
1703
1398
1357
1635
1467
1587
1540
1323
1072
1272
1150
1132
1153
1303
1360
1182
1184
1389
1300
1281
1184
1379
1212
1379
1249
1352
1393
1645
1491
1062
1154
1222
1429
1219
1652
1630
1314
1764
1344
1484
1479
1326
1600
1393
1808
1688
1639
1583
1647
1739
1723
1637
1680
1601
1890
2026
1936
1875
1567
1625
1672
1483
1681
1693
1617
1353
1658
1613
1901
1446
1622
1807
1943
1669
1713
2095
1787
1872
1964
2012
1976
1957
2054
1887
1586
1623
1734
1683
2034
1748
1710
2011
1807
1905
1900
1650
1632
1603
2047
1822
1874
1853
1767
1536
1580
1278
1614
1722
1422
1462
1514
1557
1620
1266
1454
1474
1482
1310
1462
1172
1298
1253
901
1140
824
1008
1108
825
869
681
808
849
664
770
473
198
193
248
551
226
419
252
250
151
279
183
273
218
136
163
232
363
261
194
164
138
206
160
216
138
109
217
213
225
97
192
172
287
175
232
318
330
383
271
306
471
639
631
682
753
1006
879
837
895
1200
1403
1943
1309
1314
1155
1278
1423
1238
1386
1617
1433
1599
1397
1707
1427
1454
1493
1392
1797
1636
1469
1870
1731
2016
1605
1986
1725
2431
2109
2126
1608
1603
1771
1834
1894
1869
1893
1990
1724
1771
1815
1600
2094
1865
2246
1935
2018
2354
1718
2230
2018
1865
1996
1681
1702
2010
1968
1608
2182
2211
2018
2063
1893
2191
3198
3253
2974
3472
3113
2745
2808
2820
2889
2596
2590
2704
2552
2327
2391
2058
2484
2311
2631
2460
2266
2852
2353
2054
2100
2078
2099
1844
2227
2050
1677
2338
1706
2235
2005
1818
1947
2034
2288
1869
2204
1538
2029
1763
1895
1797
1742
1913
1594
1869
2056
1681
2064
1652
1654
1456
1480
1793
1565
1609
1545
1457
1714
1511
1408
1565
1605
1507
1097
816
1228
1697
1874
1500
1828
2109
1982
1949
1818
1757
1857
1856
1970
1684
1604
1743
1751
1516
1716
1833
1775
1792
1825
4535
2473
1957
1899
2074
1981
1707
1877
1610
1772
2316
1751
1637
1872
1883
1973
1680
1773
1889
1820
1846
1781
2215
2035
2081
1972
1976
1796
2016
2235
2112
1951
1892
2112
1883
1929
1949
1859
2051
1592
1784
1761
1571
1835
1752
1573
1655
1560
1612
1567
1538
1365
1234
1170
1227
1185
1144
1070
1118
759
1018
1089
875
1065
1133
767
785
620
600
368
286
300
110
92
106
191
183
258
337
267
311
311
171
127
246
203
175
136
304
141
190
160
254
234
192
129
155
183
192
151
225
237
127
305
294
327
372
322
342
589
435
191
432
603
1045
7239
1027
970
956
928
1055
1035
1448
1135
1539
1456
1529
1363
1296
1192
1487
1516
1482
1362
1712
1244
1482
1642
1685
1807
1491
1757
1784
1536
1444
1748
1750
1901
1916
1809
1704
1408
1871
2178
1845
1716
1596
1962
1666
1759
1901
1891
1658
1716
1894
2042
1998
1977
1823
1798
1716
1668
1932
1523
1739
1931
1815
1680
2135
1912
1688
1866
2015
1990
1498
1390
1572
1927
2064
1682
1990
1976
2095
1853
1786
1498
1487
1622
1844
1746
1848
1450
1532
1413
1688
1678
1647
1423
1590
2210
1925
1684
1882
1818
1771
1837
1448
1739
1820
1591
1648
1758
1729
1654
1215
1577
1767
1558
1888
1584
1524
1591
1456
1888
1755
1392
1328
1743
1513
1526
1183
1293
1328
1297
1676
1599
1328
1368
1541
1779
1495
1581
1572
1363
1897
1516
1377
1313
1654
1397
1451
1684
1115
1429
1672
1728
1484
1430
1582
1698
1451
1358
1634
1584
1659
1509
1469
1410
1645
1608
1506
1591
1668
1693
1796
1529
1599
1821
2274
2239
2176
1704
2099
1994
2158
1772
1982
2040
1848
1851
2310
2115
2106
2053
1792
2167
2124
2148
1992
2422
1753
2310
1958
2218
2096
1860
1792
2094
1888
1804
2005
1573
1649
1927
2092
1762
1833
1589
1568
1562
1529
1572
1766
1643
1428
1199
1137
1228
1078
1140
1062
1171
955
1045
1131
824
784
780
446
346
365
233
330
329
333
226
265
209
135
176
223
242
342
269
220
124
192
206
277
234
161
286
264
215
207
160
100
156
195
199
247
190
274
244
221
301
304
2088
372
412
376
455
429
729
830
721
837
837
1107
815
1015
1203
1010
948
950
1025
1243
1243
1432
1164
1366
1518
1346
1775
1632
1445
1824
1577
1360
1658
1707
1619
1027
1286
1290
1383
1426
1128
1266
1164
844
978
815
1099
916
1072
979
1009
776
762
323
577
656
255
128
208
141
101
83
288
98
556
674
683
821
1029
1105
1195
977
1453
1438
1415
1370
1457
1341
1311
1158
1261
1369
1388
1231
1685
1061
1363
981
1518
1433
1854
1436
1332
1186
1507
1350
1580
1797
1632
1393
1442
1326
1326
1448
1160
1322
1552
1666
1651
1601
1309
1389
1303
1224
1504
1286
1168
1391
1338
1775
1619
1611
1419
1507
1507
1450
1396
1424
1218
1439
1309
1192
955
1288
1376
1264
1233
1125
1218
1290
1457
1228
1174
1352
956
892
1028
1170
869
861
807
642
555
615
723
481
332
255
301
406
282
247
228
329
290
306
229
631
907
1024
772
1439
1680
335
111
261
218
127
226
231
176
156
260
230
216
301
700
290
306
493
351
331
1898
589
599
597
844
841
822
1004
1027
862
1211
1067
1057
1419
1314
1235
1287
1417
1437
1762
2017
1348
1697
1624
1510
1481
1725
1732
1681
1443
1580
1620
1735
2271
1844
1691
1653
1757
1682
1646
1832
1720
1422
1718
1722
1680
1757
2184
1736
1997
1842
1728
1722
1793
2147
1559
1500
1842
1564
2268
1872
1902
1849
1324
1629
1595
1898
1894
1834
1509
1953
1763
1695
2022
1891
2022
1575
1818
2125
1723
2019
1920
1829
1944
2257
1968
1888
2149
1873
1593
1880
1549
1893
1537
1660
1860
1963
1612
1481
1506
1118
1190
1718
1788
1364
1400
1625
1422
1457
1355
1600
1286
1296
1387
1265
1456
1498
1210
1174
1139
1341
1192
1182
964
1456
1229
1463
1153
1451
1043
1177
1254
1440
1175
1104
1286
1397
1568
1454
1306
1692
1158
1306
1408
1390
1300
1227
1216
1302
1352
1068
1414
1248
1254
1039
1275
1031
1137
1303
1250
1069
1190
1056
1036
1204
1719
1185
1091
1060
1318
1219
1355
1332
1495
1022
1113
1353
1117
1224
1278
1368
1079
1298
1104
1198
1597
1224
1066
1114
1300
1324
1322
1108
1144
1476
1474
1301
1110
1280
893
1055
1389
1444
1045
976
1233
950
1112
1037
1215
1221
977
811
864
743
825
773
628
785
603
677
595
527
375
407
232
297
322
309
186
269
284
397
406
117
272
277
263
116
182
145
134
213
185
155
232
206
156
188
199
229
149
264
282
232
1105
703
525
536
580
446
528
600
660
742
817
872
844
1116
1242
1384
1239
1090
1215
1349
1295
1195
1302
1148
810
1196
1143
1089
1216
1401
1167
1179
1185
1147
1443
1493
1286
1399
1249
1702
1292
1614
1540
1703
1383
1491
1349
1633
1498
1801
1457
1401
1476
1350
1457
1371
1276
1594
1516
1466
1342
1553
1473
1477
1294
591
1219
1447
1417
1385
1598
1327
1381
1379
1550
1422
1361
1085
1077
1163
1131
807
1020
626
969
1253
1025
1567
1204
1404
1361
1311
984
1620
1228
1195
930
1194
1201
1119
1269
1196
1153
1049
1081
1018
1216
1179
1420
1464
1254
1230
1343
1258
1451
1206
1146
1172
1068
1383
1490
1266
1053
1292
1026
1213
1001
1134
1249
1135
769
856
1271
1085
761
1171
856
995
1026
960
1017
929
1189
1104
1196
1166
1054
1143
1218
1026
1279
1372
2905
1684
1182
1184
1054
1111
1415
1201
1186
1276
1181
1243
1253
1223
1123
1301
1207
1076
1058
1307
1255
1341
1586
1291
555
832
765
861
798
776
698
698
570
532
764
917
612
482
702
607
618
341
833
731
635
671
575
759
581
563
623
426
569
407
377
340
409
497
291
367
321
394
205
370
246
385
258
72
211
186
130
189
36
71
73
156
134
159
241
91
112
31
52
182
67
80
73
78
62
183
142
42
89
187
79
142
241
325
283
266
254
398
312
261
303
380
366
497
453
372
656
717
786
690
504
777
759
903
1035
853
760
770
625
922
994
919
853
814
632
785
865
877
829
754
1006
786
690
1057
991
905
1231
1001
884
916
1056
926
909
993
1056
1021
1138
1264
1146
1291
1193
1206
1291
1353
1247
894
869
1049
1486
976
1137
1118
1009
1180
999
1012
933
1091
970
1075
1305
1201
1185
1311
1217
1030
1295
1288
1104
1172
1075
944
1136
1224
1028
942
999
1014
1082
993
965
1176
1388
1246
979
1047
1300
1011
852
1009
878
858
988
978
1157
737
813
1072
1237
1032
1236
1128
1134
976
1007
1086
806
828
1001
1564
1400
1375
1278
1288
1245
1328
1387
1370
1411
1147
1046
1228
1212
1318
1245
1226
1079
960
1125
1157
1125
854
1577
1462
1527
1332
1331
1237
993
1495
1390
1817
863
1193
1185
1188
1197
1184
1535
1383
1389
1017
921
1038
1140
1328
1265
1256
866
1187
1400
1009
1084
1237
725
1191
1074
806
899
953
959
1107
633
917
871
998
723
888
683
826
668
571
469
626
651
575
649
316
479
429
451
408
388
434
389
316
303
340
226
199
257
112
202
159
214
190
164
101
128
176
196
374
191
168
158
236
192
282
461
279
257
272
395
315
334
449
510
522
660
840
810
973
774
1189
1002
1113
2897
907
946
1239
1070
1188
1132
1328
1544
1363
1282
1345
1273
1208
1230
1271
1793
1783
1400
1495
1541
1487
1571
1950
1543
1441
651
1651
1894
1779
2125
2021
1826
2048
2127
1852
1822
1871
1885
2139
1768
2049
2143
1889
1375
1894
1795
1730
1574
1954
1809
1732
1680
1800
1759
1518
1817
1736
1529
1904
1727
1951
1664
1910
2004
1949
2047
1967
3863
1576
1931
1579
1828
1975
2047
1668
1578
2013
1654
1480
1551
1644
1934
2171
1833
1618
1794
1615
1786
3109
1596
1161
1747
1714
1587
1374
1320
1307
1345
1500
1296
1263
1231
1386
1179
1297
1424
1377
1274
1099
1159
1036
1040
1111
1216
1270
1138
1212
1135
1373
1143
1005
1324
1054
829
1295
1087
1412
1173
1412
1502
1368
1547
1182
1258
1412
1086
1192
1315
1357
1196
1411
1078
1258
1255
1416
1316
1094
1740
1084
1260
1545
1348
1377
1355
1218
1358
1310
1565
1883
1873
1755
1482
1388
1502
1546
1304
1460
1573
1689
1573
1266
1752
1531
1271
1661
1237
1122
1271
1057
1132
1312
1341
1146
1074
1116
1088
1224
1085
1043
1130
923
1046
1007
742
725
906
802
663
662
656
815
789
633
683
725
614
546
475
500
557
388
347
401
332
317
385
189
278
266
295
133
234
211
356
142
95
140
169
115
129
185
172
236
131
169
252
158
247
186
167
231
267
376
253
538
401
523
2960
607
663
446
928
678
896
782
822
1045
894
834
931
1158
1161
1322
1194
1255
1345
1162
1552
1362
1382
1440
1523
1204
1493
1407
1543
1687
1610
1696
2042
1522
1488
1499
1601
1772
1867
1585
1876
1458
1767
1912
1753
1987
1937
1973
1802
1703
1791
1621
1809
2086
1771
1642
1715
1643
1824
1792
1816
1761
1445
1674
1681
1719
1628
1751
1517
2146
1558
1771
1583
2243
1701
1808
1742
1987
1941
1861
1632
1811
1743
2059
1796
1443
1846
1707
1929
2065
1705
1499
1514
1433
1499
1883
1349
1653
1659
1632
1547
1743
1782
1614
1597
1630
1624
1876
1613
1556
1719
1380
1896
1394
1466
1494
1203
1626
1525
1257
1363
1318
1347
1267
1353
1128
1388
1261
1027
1058
1220
1042
1129
1034
1130
991
1420
1023
1129
1150
1103
1220
1293
1070
1280
1358
1186
1384
1538
1557
1321
1158
1224
1249
1116
1370
926
1236
1076
1173
1367
1133
1508
1411
1419
1347
1224
1524
1273
1312
1419
1307
1268
1396
1279
1296
1437
1361
1277
1322
1425
1318
1428
1585
1846
1721
1562
1574
1622
1632
1545
1344
1623
1372
1239
1330
1322
1316
992
1236
933
881
1104
1089
968
631
986
738
743
665
762
636
614
559
560
575
646
662
490
518
570
476
355
436
411
325
165
203
221
198
227
156
413
220
213
153
209
204
173
119
155
168
115
172
168
165
228
103
109
214
316
252
196
152
235
273
333
286
428
340
412
514
393
938
897
754
935
823
2263
816
965
935
1161
1334
1093
1152
1087
1285
1091
1575
1190
1226
1280
1168
1634
1534
1688
1341
1271
3511
1300
1300
1640
1633
1635
1470
1577
1892
1798
1312
1856
1840
1731
1845
1709
1883
1846
1669
1888
2014
2102
2271
2297
1668
2065
1805
1422
1533
1496
1708
1796
1660
1178
1489
1294
1710
1665
1475
1790
1796
1702
1698
1817
1793
1936
1771
1791
2013
1919
1739
1903
1874
1965
1942
1743
2093
2259
1828
1968
2091
1858
1688
1533
1693
1395
1222
1797
2186
2049
1765
1864
1574
1557
1627
1614
1512
1605
1492
1552
1585
1566
1253
1266
1472
1539
1505
1472
1418
1556
1462
1273
1307
1365
1243
1366
1569
1427
1641
1447
1302
1291
1457
1470
1370
1495
1069
1462
1230
1408
1345
1651
1354
1448
1449
1309
1521
1367
1426
1226
1535
1560
1199
1430
1638
1202
1497
1534
1424
1330
1336
1675
1325
1369
1257
1232
1447
1530
1523
1248
1340
1318
1482
1552
1799
798
1444
1473
1722
1686
1429
1738
1414
1605
1590
1304
1692
1421
1291
1454
1396
1465
1683
1520
1603
1122
1242
1120
1358
998
1067
1026
1191
1038
1112
996
1023
758
854
709
817
785
697
644
1000
634
656
629
549
457
334
546
514
408
449
350
370
268
369
278
349
262
248
134
300
262
224
221
169
129
228
224
198
220
200
142
177
218
220
152
234
173
266
371
301
370
310
373
429
332
574
560
2193
800
688
955
973
1088
1079
1008
987
1003
1237
1345
1235
1558
1658
1368
1680
1616
1578
1629
1164
1822
1845
1776
1994
1675
1688
1955
1643
1411
1595
1565
1544
1835
1940
1452
2149
2001
1403
1654
1625
2074
1874
1676
1667
1793
2065
1845
1746
1945
1840
1798
2141
2041
1554
1835
2155
2059
1609
1836
1736
1744
1842
2098
1819
1836
1796
1584
1466
1789
1974
1715
1747
1671
1781
2004
1660
1987
1610
1665
1126
1479
1746
1643
1787
1494
1685
1479
1561
1743
1537
1232
1662
1618
1529
1249
1360
1723
1571
1847
1523
1880
1307
1399
1568
1425
1493
1528
1493
1647
1294
1714
1154
1673
1145
1653
1681
1478
1199
1408
1138
1500
1381
1418
1384
1565
1265
1267
1162
1507
1260
1262
1367
1153
1338
1426
1271
1213
1405
1536
1451
1174
1276
1162
1645
1643
1452
1748
1447
1296
1232
1604
1432
1578
1398
1373
1206
1094
993
1076
1765
1700
1360
1478
1428
1386
1282
1308
1662
1474
1547
1469
1580
1533
1546
1464
1511
1351
1429
1966
1488
1594
1341
1355
1320
1406
1381
1358
1131
1202
1435
1329
1287
1304
1069
1028
1062
1164
1015
1062
1005
996
749
1033
794
837
763
583
760
705
753
418
748
650
590
498
523
625
474
574
421
569
446
293
322
217
215
267
325
278
291
369
226
279
236
214
183
235
256
212
174
176
217
205
162
198
220
259
351
152
297
278
248
322
191
396
326
593
426
524
885
603
866
780
957
914
900
855
1049
1185
1061
1118
1327
1440
1128
1429
1153
1186
1182
1324
1299
1161
1360
1879
1854
1674
1820
1419
1533
1607
1579
1605
1513
1565
1875
1597
1726
1978
1724
1534
2077
1476
1440
1723
1954
1564
1820
1654
1976
1491
1883
1760
1881
1715
1545
1493
1683
1765
2173
1665
1953
1508
1831
1551
1588
1770
1930
1858
1640
1612
2067
1750
1955
1790
1845
1827
1952
1964
1839
2132
1705
2162
2084
1760
1768
1705
1630
2130
1802
1925
1548
1728
1730
1997
1569
2116
1744
1429
1510
1576
1474
1754
1587
1416
1575
1749
1463
1248
1486
1591
1644
1636
1704
1571
1620
1272
1454
1548
1327
1520
1375
1266
1543
1772
1517
1163
803
1307
1060
1205
1486
1341
1406
1032
931
1206
1627
1235
1344
1711
1536
1495
1237
1416
1194
1421
1238
1112
1361
1583
1230
1317
1231
1222
1214
1207
1120
1192
1107
1141
1083
1292
1018
1097
1147
1245
1295
1241
1191
1169
1169
1211
1313
1078
1299
1346
1212
1326
1430
1425
1363
1373
1656
1227
1246
1405
1442
1391
1371
1261
1114
1130
1231
1287
1078
1537
1353
1268
1027
1047
1114
926
882
1079
953
1035
758
1010
821
720
729
738
590
675
463
627
548
398
523
489
420
312
458
367
415
349
226
290
354
183
234
276
190
212
240
302
211
281
147
159
102
189
171
101
277
151
137
261
264
466
286
429
330
313
443
488
401
370
553
870
558
937
927
855
704
905
957
721
1041
1154
1018
1201
1224
987
1307
1164
1252
1306
1426
1051
1438
1426
1416
1385
1353
1319
1185
1300
1303
1472
1268
1540
1277
1395
1439
1469
1664
1630
1663
1683
1605
1500
1761
1723
1619
1442
1392
1611
1448
1487
1472
1772
1276
1394
1716
1334
1172
1580
1366
1454
1378
1459
1598
1503
1215
1244
1382
1223
1301
1404
1347
1035
910
1116
1202
1091
1075
1277
1432
1027
950
1195
893
947
1242
1092
979
1176
1047
878
749
932
1102
1096
1025
958
1037
887
1036
1109
1045
964
1059
1100
1086
1090
801
762
977
900
866
818
938
913
1054
1180
1068
1057
1016
930
1066
543
1061
910
1010
1101
1052
1120
904
1161
1199
1133
1199
1132
997
1111
1239
1047
1144
1162
1215
1065
1131
1156
1028
1023
1279
1267
950
1100
1281
1278
1131
1147
1103
1129
1412
1199
1432
1172
1252
1246
1032
1257
1306
1218
1059
1077
934
1164
930
1114
1313
1107
1023
1189
1088
1278
1323
1276
1061
927
1021
834
1033
844
1019
934
904
870
853
958
988
941
890
803
724
718
481
546
468
857
495
545
551
493
535
533
471
408
370
364
342
202
206
388
289
318
224
223
276
204
217
160
203
353
190
231
257
272
234
188
192
167
146
147
279
364
378
315
301
188
255
335
324
346
333
309
450
421
483
503
393
486
490
551
445
539
405
753
607
602
656
685
880
786
821
786
797
886
835
958
706
878
965
893
1033
1101
1032
937
938
768
861
990
1080
962
968
1133
1150
1018
1027
991
1020
964
900
1007
1092
1122
1148
1103
1104
1067
1082
1165
1308
1255
1132
1130
1010
956
892
1139
1341
996
1061
1281
1002
955
926
1011
986
889
941
948
1018
989
1147
1077
1223
1103
1044
1132
1296
1019
973
943
810
1101
968
805
975
1155
1107
983
1157
944
992
915
907
1032
1045
1201
1168
968
1168
1025
1107
1159
1081
1071
1009
1158
1092
987
1201
1050
1106
1356
1173
1094
1158
1519
1035
1102
1095
1163
1186
1186
1189
1382
1252
1211
1192
1426
1294
1345
1309
1042
1314
1383
1201
1117
1324
1520
1493
1381
1430
1465
1306
1100
1374
1466
1282
1358
1795
1254
1163
1534
1224
1237
1338
1347
1212
1433
1326
1385
1615
1266
1324
1173
1285
1516
1396
1034
900
1038
1143
1027
1320
1087
1093
1148
1327
906
1257
986
1082
888
938
919
882
940
745
553
597
469
636
550
591
426
421
312
282
331
337
285
195
335
176
247
259
189
150
253
230
269
382
214
122
257
110
197
174
179
153
257
98
216
187
292
169
185
308
291
322
373
420
481
637
692
662
613
815
788
1104
878
1199
1018
1430
1428
1408
1295
1238
2022
1372
1369
1184
1545
2033
1919
2759
1599
2090
1965
1721
4379
3683
4577
3807
2248
4412
2427
4773
2186
3234
1986
4535
4103
4472
4967
3557
1748
4734
1946
1833
1599
1988
2310
2386
2015
2223
2190
2115
2227
2179
1884
2396
2022
2355
1955
1735
1822
1806
1673
1832
1754
1716
2036
2224
2122
2244
1964
1849
2280
1774
2283
1534
1748
1650
2232
1674
1566
1377
1985
1950
1956
2071
1829
1735
1839
1908
1805
1917
1843
1751
1813
1274
1784
1813
1682
1689
1902
1849
1472
1500
1643
1737
1066
1709
1488
1481
1376
1582
1512
1336
1418
1330
1681
1509
1392
1402
1338
1340
1158
1114
1305
1333
1560
1274
1533
1374
1437
1208
1616
1324
1127
1168
1239
1359
1125
1424
1345
1376
1536
1184
1501
1239
1541
1250
1289
1105
1202
1065
1399
1338
1350
1094
1153
1337
1314
1358
1318
1512
1435
1355
1337
1197
1186
1260
1348
1170
1480
1648
1359
1151
1367
1529
1482
1194
1794
1648
1514
1497
1411
1516
1336
1311
1268
1354
1090
1355
1383
1246
1320
1266
1071
998
1304
1030
1079
1204
944
999
944
777
792
678
599
619
446
604
608
643
483
415
430
460
322
282
237
383
287
317
320
331
231
237
311
193
237
240
291
251
227
186
315
226
221
257
139
125
185
132
194
192
132
157
220
211
214
264
342
358
396
301
355
586
544
536
668
521
2756
640
512
1122
1277
1133
1251
1080
1424
1168
1236
1600
1251
1518
1696
1332
1382
1218
1664
1678
1720
1426
1662
1652
2052
3245
1620
1676
1705
1544
1770
1868
1805
1911
1796
1764
2081
2484
1559
1888
1933
1827
2134
1985
2027
1796
1808
1886
1929
1790
2055
2291
2056
2317
1640
1844
1539
1871
1373
1778
1866
1978
1768
1994
2151
1691
1684
1709
1449
1838
2235
1670
2468
1830
1978
1844
1973
1505
1866
2052
1569
1587
2128
2030
1681
1697
1612
1561
1421
1730
1881
1614
1648
1685
1760
1878
1794
1762
1884
1656
1767
1646
1592
1176
1291
1932
1593
1485
1484
1480
1428
1538
1548
1473
943
1574
1344
902
1444
1324
1651
1316
1346
1316
1064
1346
1254
1096
1269
1092
914
1269
1182
1117
1136
1086
1323
945
1310
1192
1310
1305
1202
1473
1323
1103
1370
926
1152
1272
1430
1163
1322
1360
1464
1377
1217
1029
960
1220
1276
1468
1380
1174
1529
1175
1337
1630
1429
1395
1660
1501
1501
1163
1795
1579
1603
1390
1724
1583
1858
1470
1481
1673
1246
1256
1625
1303
1420
1239
1250
1246
1327
975
1310
1356
1159
1007
1091
1171
1122
853
795
1013
1038
958
832
686
602
559
688
581
560
443
401
457
427
434
359
277
357
288
220
306
361
387
209
226
322
311
198
268
126
156
301
163
209
148
127
143
113
145
163
125
221
180
235
219
121
351
278
178
200
164
340
314
500
335
509
1052
1621
732
773
809
884
912
826
974
998
1212
1328
1387
1553
1202
1272
1292
1258
1549
1585
1806
1620
1476
1576
1594
1445
1566
1552
1745
1460
1448
1681
1334
1396
1451
1991
1696
1932
1446
1695
1968
1614
2108
1825
1972
1637
1668
1923
1627
2184
3818
1795
1905
2089
1922
2030
2041
1823
1602
1743
1585
1689
1686
1923
1833
1785
1955
1599
3218
1869
1735
1647
1869
1991
2152
1790
1885
2011
1553
1771
1730
1585
1761
1355
1421
1204
1392
1324
1649
1742
1657
1702
1573
1678
1451
1628
1497
1482
1604
1771
1399
1386
1289
1476
1237
1457
1555
1533
1198
1033
1362
1152
1374
1149
966
1190
1313
1220
1258
1363
1094
1299
1056
1095
1292
1052
1028
1186
1152
1058
1091
764
755
1063
931
886
965
1128
1473
1292
1388
1240
1224
1082
1205
911
1031
1048
859
1034
1172
962
960
1383
1283
1279
1209
1246
1500
1251
1074
1188
1224
1392
1255
1199
1391
1246
1358
1395
1298
1467
1018
1362
1269
1271
962
1224
1156
1147
1367
800
1101
1017
1104
850
1102
795
1078
729
940
